22 <--# of nodes, 32 edges
1 2 7.727930200590029
1 3 7.645478791199297
1 4 6.486020060360235
1 7 7.021493339440296
1 5 8.43999554279888
1 6 6.641206564830834
1 8 8.063221547860199
1 15 9.068126486325081
1 9 8.914627832840152
1 16 6.815369588637438
2 4 7.12323097230786
2 5 9.079994043754995
3 6 9.443961828106259
3 7 6.48667064809334
4 8 8.76163030068782
7 15 9.165902300336473
5 8 6.207714719448563
6 15 6.775975640718755
8 9 8.662566208485028
15 16 7.084857979386446
9 10 7.519760020979268
10 11 7.471390389773129
11 12 7.497589721531533
12 13 6.966365064908137
13 14 8.29103251493716
14 22 7.239238553865236
16 17 5.97960813847163
17 18 5.897832713816744
18 19 8.113772778457925
19 20 7.1456067009960345
20 21 8.753736282582846
21 22 9.07501193279598
Loss 0 0 0 20 0 0 62 0 0 0 0 33 0 89 0 0 0 0 0 56 0 60