20 <--# of nodes, 32 edges
1 2 7.896822396011152
1 3 8.563026277193034
2 3 8.501949172345377
2 4 7.8378079798206
2 5 7.515133022307826
4 7 7.01361506742953
4 8 6.398113023838867
4 9 8.826701713564319
5 6 7.827281844303549
6 7 9.092183520671563
6 8 6.468885735397105
6 9 9.06930253564137
8 10 7.656506726817729
8 11 8.482148712764923
9 10 6.532464587811031
9 11 6.883549405767779
10 12 6.48105067417967
11 16 7.808692580097451
11 17 10.443118967593456
11 18 6.717537717252843
12 13 9.159077558454626
12 14 9.746886813647212
12 15 8.589323727173538
14 16 8.993891743551078
14 18 8.775565490768262
15 16 7.398342515862487
15 17 8.168670610335377
16 20 8.821960583179866
17 19 8.304554291015432
17 20 7.718437292433585
18 20 8.840053372503778
19 20 9.09038012013946
Loss 0 0 45 0 0 0 65 0 0 0 0 0 44 0 0 0 0 0 0 75