13 <--# of nodes, 20 edges
1 3 8.798047720508064
1 5 7.386880447453548
1 6 6.164129459670075
1 7 8.65378013566708
1 8 8.231569622255668
1 9 7.348731392557593
1 10 10.392819887038579
1 12 7.20123240286277
2 3 7.991151248331025
2 11 9.050822197409271
3 4 9.739527785710482
4 13 7.425163204045295
5 11 7.239878022739839
6 11 6.26578583891267
7 11 7.927178843402696
8 13 8.231683406240904
9 13 7.094009375146043
10 13 5.909774094272132
11 12 7.834175536969551
12 13 8.332629616428669
Loss 0 63 39 0 0 0 33 0 0 22 0 90 45