22 <--# of nodes, 35 edges
1 2 7.557676563498819
1 3 8.06847425030616
2 3 7.323961671997197
2 4 8.395441163745001
2 5 7.764768930749958
4 6 10.40676478518955
4 7 8.011226213769147
4 8 7.5569542889681305
5 6 8.114526967738122
5 8 7.414991623538547
5 9 7.477699947925848
7 9 7.5843861648073485
8 10 8.373712216470526
9 11 8.358904680328065
10 11 9.842204408446104
10 12 8.10374436457517
10 13 6.709206840830987
11 15 6.775698563271584
12 14 7.165800900161308
12 16 8.533796307051782
12 18 7.644707212757036
13 14 8.038431201266409
13 16 8.232289858200195
14 18 8.660079033323502
14 19 7.829860211807619
14 20 5.415792849164152
15 17 7.855865765240756
15 19 9.223619875703466
15 20 7.203456447278375
16 21 7.018479156049521
17 18 7.280930639701384
17 21 7.763574780562584
19 21 7.52017157124745
20 21 7.108038748745828
20 22 7.8891991480800545
Loss 0 0 38 0 0 47 0 0 0 0 0 0 0 0 0 0 0 72 0 0 0 81