22 <--# of nodes, 32 edges
1 2 8.784137189570426
1 3 6.002702080380154
1 4 10.331982206190027
1 7 9.191776476220785
1 5 6.545446599675875
1 6 9.060591110414428
1 8 9.080699420644715
1 15 7.81729285042259
1 9 8.30549474263091
1 16 10.698262613429257
2 4 9.462257508115629
2 5 9.13353829996626
3 6 7.633378427136067
3 7 10.108572579806658
4 8 8.479012811874785
7 15 7.400118919268174
5 8 7.895252145869177
6 15 10.268861353414309
8 9 7.842806511398174
15 16 6.398416468011779
9 10 6.791780612745672
10 11 10.318105661669042
11 12 8.837239567300735
12 13 10.979184910813
13 14 9.95492338938778
14 22 8.665225311429307
16 17 10.727861246208004
17 18 9.247899172325377
18 19 6.99570112319154
19 20 8.976663651223632
20 21 8.024763152316146
21 22 7.685589318842853
Loss 0 0 0 20 0 0 62 0 0 0 0 33 0 89 0 0 0 0 0 56 0 60