20 <--# of nodes, 32 edges
1 2 6.319655685825771
1 3 8.42948514506054
2 3 10.238021495475794
2 4 7.405905708682108
2 5 9.43668824964579
4 7 9.144683467971316
4 8 6.54515490384232
4 9 8.471471375005656
5 6 8.164160934142785
6 7 8.861130975910843
6 8 6.82300586518484
6 9 8.270851452268829
8 10 8.20353220078751
8 11 6.83638522890475
9 10 6.231632063646558
9 11 9.754583270906211
10 12 7.172053970243498
11 16 10.759366757388841
11 17 9.045850354111764
11 18 9.258667164093161
12 13 8.166411576721927
12 14 8.661925151226065
12 15 10.605981057439447
14 16 10.830482466327691
14 18 10.194054493830961
15 16 8.720585875268835
15 17 8.66954163068653
16 20 7.916321901493722
17 19 8.840943641069636
17 20 6.361481865872667
18 20 6.417938146674538
19 20 7.000454722907875
Loss 0 0 45 0 0 0 65 0 0 0 0 0 44 0 0 0 0 0 0 75