13 <--# of nodes, 20 edges
1 3 9.777778779984544
1 5 9.318801905898198
1 6 9.817011529211474
1 7 7.024929159266552
1 8 6.02368449578198
1 9 10.93855016633485
1 10 7.265772272391451
1 12 8.462886771892705
2 3 6.957027815343913
2 11 7.2596665644766
3 4 8.432483734146174
4 13 6.498279653394572
5 11 9.34203139037034
6 11 7.200772607007939
7 11 9.904850914661779
8 13 7.647541374576148
9 13 8.158743146161346
10 13 10.790254367208664
11 12 6.928713067174841
12 13 7.905616353926792
Loss 0 63 39 0 0 0 33 0 0 22 0 90 45