22 <--# of nodes, 35 edges
1 2 9.011621029481823
1 3 7.273511813131157
2 3 6.400157901641787
2 4 8.838491065011116
2 5 6.841320988131057
4 6 6.375593798249242
4 7 6.603403990100844
4 8 8.212867703562651
5 6 8.096392711550854
5 8 8.162340718838907
5 9 8.54617154441014
7 9 6.0955192157335345
8 10 10.577234602880168
9 11 8.261862583605115
10 11 10.620881954493544
10 12 9.732025324824379
10 13 9.576013569372556
11 15 6.142934912099254
12 14 8.499321368179618
12 16 6.414644454133273
12 18 8.759815301741245
13 14 10.766074711716245
13 16 8.742340238129575
14 18 9.624922295813947
14 19 8.2237896029872
14 20 9.770478946721614
15 17 7.67455860564447
15 19 7.837233414921899
15 20 6.408119461553466
16 21 9.942368234409058
17 18 7.4825161421110735
17 21 6.6332557020630505
19 21 10.530603296660924
20 21 6.337602134512268
20 22 9.778513452282924
Loss 0 0 38 0 0 47 0 0 0 0 0 0 0 0 0 0 0 72 0 0 0 81