22 <--# of nodes, 32 edges
1 2 0.4385324839370211
1 3 0.04373798574543105
1 4 0.5155572146793598
1 7 0.6156826848771103
1 5 0.1910781521190316
1 6 1.4964701538998373
1 8 0.30395768022409925
1 15 0.019954818461678066
1 9 0.06413305707183276
1 16 0.12859875388253106
2 4 0.6242363392320112
2 5 0.6669243361334468
3 6 0.1926506067940554
3 7 0.037913450123182015
4 8 0.008055140530426436
7 15 0.15252216482217784
5 8 0.01251066765935382
6 15 0.23712126260302058
8 9 0.033558990497637886
15 16 0.3967423577784919
9 10 0.046673745093016285
10 11 0.23342467331196273
11 12 0.049446700653661496
12 13 0.3446160145237533
13 14 0.06821669876586546
14 22 0.1911204242973131
16 17 1.9723875174001837
17 18 0.025476988710836142
18 19 0.9003395927453752
19 20 0.2904695473661297
20 21 0.5602803430572842
21 22 0.267068090571755
Loss 0 0 0 20 0 0 62 0 0 0 0 33 0 89 0 0 0 0 0 56 0 60