20 <--# of nodes, 32 edges
1 2 0.1638027944299429
1 3 0.34262733975001464
2 3 2.407851671347596
2 4 0.1523093313486578
2 5 0.34084121341655765
4 7 0.29503766553380284
4 8 0.8611269977222641
4 9 0.23926603667409477
5 6 1.3934568193879722
6 7 0.08409946085084884
6 8 0.12386241500319793
6 9 0.3506809836060309
8 10 0.051497391083593795
8 11 0.10525252130896033
9 10 0.43401435995082066
9 11 0.059064013068811504
10 12 0.22437788230548913
11 16 0.4098989714307819
11 17 0.0027212832551624286
11 18 0.1071425475848576
12 13 0.028914683835617724
12 14 0.05540258725213315
12 15 0.4250711806278946
14 16 0.07982105687622261
14 18 0.5080734452454926
15 16 0.14428302926003686
15 17 0.11867831380905297
16 20 0.06394297800539735
17 19 0.7594727003420054
17 20 0.2126911817084578
18 20 0.05390012967038995
19 20 0.21584065222442883
Loss 0 0 45 0 0 0 65 0 0 0 0 0 44 0 0 0 0 0 0 75