13 <--# of nodes, 20 edges
1 3 0.2606022280222772
1 5 0.19205107244373873
1 6 1.2801552780300947
1 7 0.04478125492116811
1 8 1.1012717074531633
1 9 0.049087760622597
1 10 0.9480986642035428
1 12 0.6405723341240342
2 3 0.59568834345766
2 11 0.44211794588940584
3 4 0.6747330660965196
4 13 0.34868762114680724
5 11 0.02847753843091745
6 11 0.5133096000943393
7 11 0.21224788029430117
8 13 0.18492809542390942
9 13 0.8066810950368309
10 13 0.026726654585823042
11 12 0.07717842255626498
12 13 0.4501032967141021
Loss 0 63 39 0 0 0 33 0 0 22 0 90 45