22 <--# of nodes, 35 edges
1 2 0.04210265152235898
1 3 0.573813874156824
2 3 0.6904168260345928
2 4 0.3501001972197928
2 5 0.31958930843132644
4 6 0.24552167646258097
4 7 0.010612603376128635
4 8 0.16488255824851974
5 6 0.4906537584905282
5 8 0.16254197564268555
5 9 0.7292697455041462
7 9 0.5383515419231876
8 10 0.01407305425772074
9 11 0.04665242318619984
10 11 0.08555715257210696
10 12 0.28536172453754155
10 13 0.44277098751161637
11 15 0.9842945325237169
12 14 0.5074339418640682
12 16 0.0940126589541481
12 18 0.3765873646958453
13 14 0.16274458694569618
13 16 4.6071990940477203E-4
14 18 0.12789601380219254
14 19 0.21672759500556402
14 20 0.05490837343887454
15 17 0.18286821208410978
15 19 0.32507061897653045
15 20 0.035057702695346166
16 21 0.4006570495091204
17 18 0.07239912154252738
17 21 0.38463866792008544
19 21 0.221753132776868
20 21 0.25275165953647294
20 22 0.20428235584988577
Loss 0 0 38 0 0 47 0 0 0 0 0 0 0 0 0 0 0 72 0 0 0 81