300 <--# of nodes, 600 edges
1 18
1 19
1 34
1 45
1 49
1 53
1 62
1 66
1 85
1 98
1 112
1 139
1 151
1 185
1 210
1 215
1 216
1 229
1 248
1 250
1 251
1 271
1 287
1 290
1 295
2 7
2 12
2 13
2 21
2 36
2 43
2 47
2 48
2 67
2 87
2 93
2 95
2 102
2 165
2 166
2 199
2 204
2 205
2 210
2 229
2 235
2 237
2 242
2 247
2 249
2 260
2 269
2 279
2 285
2 287
3 1
3 9
3 11
3 18
3 32
3 37
3 42
3 51
3 61
3 64
3 71
3 77
3 89
3 114
3 130
3 132
3 136
3 138
3 143
3 144
3 156
3 159
3 173
3 175
3 179
3 180
3 185
3 190
3 214
3 242
3 244
3 252
3 256
3 260
3 266
3 272
3 274
3 277
3 279
4 1
4 2
4 3
4 24
4 36
4 39
4 49
4 51
4 76
4 85
4 124
4 129
4 130
4 136
4 140
4 159
4 162
4 173
4 178
4 181
4 188
4 192
4 200
4 231
4 243
4 255
4 280
4 300
5 10
5 17
5 29
5 32
5 39
5 41
5 44
5 47
5 48
5 49
5 57
5 84
5 98
5 102
5 107
5 129
5 139
5 157
5 159
5 168
5 171
5 173
5 184
5 186
5 194
5 197
5 206
5 212
5 218
5 229
5 240
5 248
5 250
5 253
5 264
5 280
5 284
5 290
5 295
6 11
6 27
6 30
6 35
6 40
6 41
6 42
6 55
6 64
6 72
6 82
6 84
6 88
6 89
6 90
6 115
6 125
6 157
6 174
6 202
6 212
6 215
6 216
6 226
6 232
6 234
6 242
6 249
6 289
6 293
6 299
7 22
7 25
7 30
7 39
7 49
7 54
7 68
7 69
7 96
7 98
7 99
7 102
7 109
7 117
7 139
7 140
7 147
7 150
7 159
7 199
7 251
7 252
7 271
7 288
7 290
8 18
8 24
8 45
8 60
8 76
8 78
8 81
8 82
8 92
8 96
8 99
8 103
8 113
8 137
8 138
8 141
8 150
8 159
8 167
8 168
8 170
8 173
8 178
8 179
8 180
8 191
8 205
8 208
8 236
8 238
8 242
8 246
8 248
8 256
8 257
8 258
8 264
8 269
8 280
8 282
8 288
8 295
9 4
9 6
9 8
9 17
9 25
9 26
9 37
9 41
9 48
9 52
9 62
9 111
9 121
9 135
9 143
9 145
9 166
9 175
9 180
9 196
9 208
9 222
9 234
9 238
9 265
9 284
9 293
10 7
10 15
10 18
10 24
10 47
10 50
10 52
10 74
10 92
10 104
10 113
10 118
10 124
10 130
10 131
10 137
10 140
10 148
10 151
10 159
10 163
10 179
10 187
10 188
10 210
10 214
10 216
10 222
10 225
10 230
10 257
10 277
10 287
10 289
10 294
11 4
11 6
11 8
11 15
11 34
11 40
11 41
11 75
11 85
11 100
11 102
11 103
11 123
11 128
11 143
11 170
11 171
11 176
11 196
11 197
11 212
11 237
11 244
11 251
11 259
11 264
11 300
12 8
12 17
12 33
12 60
12 67
12 90
12 91
12 93
12 114
12 115
12 122
12 133
12 138
12 141
12 163
12 166
12 174
12 199
12 202
12 204
12 217
12 219
12 225
12 226
12 234
12 238
12 241
12 245
12 274
12 294
12 297
13 14
13 16
13 41
13 60
13 79
13 85
13 110
13 115
13 118
13 120
13 126
13 131
13 145
13 157
13 164
13 169
13 184
13 186
13 187
13 189
13 215
13 219
13 236
13 264
13 278
13 287
13 289
13 291
13 293
14 5
14 13
14 18
14 25
14 27
14 31
14 40
14 43
14 49
14 53
14 63
14 75
14 85
14 86
14 87
14 97
14 126
14 157
14 165
14 174
14 185
14 209
14 224
14 233
14 241
14 248
14 249
14 250
14 253
14 264
14 266
14 271
14 274
14 283
14 287
15 6
15 11
15 29
15 32
15 37
15 49
15 64
15 67
15 71
15 80
15 91
15 100
15 115
15 119
15 165
15 170
15 171
15 202
15 229
15 245
15 298
16 2
16 4
16 30
16 33
16 40
16 65
16 70
16 73
16 74
16 75
16 99
16 106
16 116
16 130
16 147
16 148
16 151
16 160
16 167
16 170
16 175
16 176
16 196
16 207
16 216
16 240
16 263
16 267
16 268
16 290
17 16
17 27
17 37
17 50
17 54
17 62
17 84
17 88
17 90
17 95
17 99
17 101
17 109
17 118
17 120
17 124
17 160
17 176
17 184
17 193
17 199
17 225
17 233
17 237
17 240
17 249
17 271
17 285
17 294
17 298
18 5
18 13
18 15
18 31
18 33
18 34
18 36
18 45
18 47
18 60
18 65
18 71
18 72
18 101
18 102
18 123
18 155
18 160
18 161
18 169
18 171
18 184
18 188
18 211
18 215
18 219
18 220
18 226
18 232
18 236
18 239
18 248
18 253
18 264
18 269
18 284
18 290
18 300
19 2
19 13
19 26
19 32
19 34
19 47
19 56
19 59
19 78
19 84
19 99
19 117
19 120
19 123
19 128
19 130
19 145
19 185
19 187
19 188
19 199
19 210
19 219
19 264
19 300
20 13
20 43
20 45
20 59
20 63
20 66
20 74
20 86
20 95
20 99
20 109
20 121
20 133
Loss 0 0 0 0 0 0 0 0 0 0 0 0 70 86 0 100 0 0 0 0 54 0 0 51 64 0 0 0 80 0 57 0 78 99 0 0 0 0 0 65 60 0 51 99 100 0 0 0 0 0 0 0 0 0 0 0 0 63 82 0 0 0 0 0 0 0 80 0 0 60 0 92 0 87 0 0 0 0 0 87 0 0 0 0 0 0 0 0 0 0 0 59 91 0 69 0 0 86 0 96 0 0 55 85 76 0 0 77 62 0 0 0 0 0 0 0 0 72 58 0 0 0 0 83 0 0 0 65 0 0 0 0 0 0 0 0 0 0 63 0 0 0 0 0 0 60 0 0 0 64 0 0 0 0 0 0 87 0 0 0 0 0 53 0 0 0 0 0 93 0 0 66 0 0 0 0 0 0 81 0 0 0 0 0 0 0 0 0 0 0 0 0 0 0 0 0 0 0 0 0 52 54 0 0 0 0 0 0 0 97 75 0 0 0 0 72 0 0 72 90 0 0 51 0 0 0 0 0 0 0 0 0 0 0 0 0 0 0 0 72 63 0 64 0 0 0 95 0 0 0 0 0 0 0 0 0 0 0 0 0 0 79 0 78 0 0 0 0 0 0 94 51 0 88 58 0 76 0 0 65 0 0 0 67 92 0 0 0 0 0 0 50 0 81 0 55 83 0 0 0
