50 <--# of nodes, 100 edges
1 50
2 4
2 15
2 26
2 31
3 5
3 28
3 33
4 2
4 5
4 15
4 41
4 46
5 1
5 11
5 13
5 28
5 34
5 42
5 45
5 48
6 5
6 31
6 49
7 8
7 10
7 18
7 19
7 22
7 28
7 49
8 11
8 14
8 18
8 24
8 37
8 38
9 6
9 20
9 23
9 32
9 35
9 38
9 43
10 1
10 6
10 8
10 15
10 36
11 5
11 22
11 28
12 15
12 19
12 22
12 25
12 31
12 34
12 38
12 48
13 4
13 6
13 18
13 24
13 38
13 41
14 5
14 12
14 15
14 30
14 37
14 39
14 48
15 1
15 20
15 23
15 32
15 43
15 44
15 46
16 11
16 14
16 20
16 38
17 2
17 5
17 31
17 44
17 46
17 48
18 26
18 30
18 45
19 10
20 2
20 23
20 39
21 1
21 31
21 45
Loss 0 52 0 63 0 0 0 0 0 74 0 0 0 0 0 0 0 0 0 0 75 0 0 0 0 98 0 0 0 0 0 0 0 0 91 0 0 63 0 0 0 0 0 0 0 0 0 81 0 0
