650 <--# of nodes, 1300 edges
1 12
1 27
1 48
1 62
1 68
1 73
1 83
1 98
1 101
1 106
1 117
1 121
1 133
1 168
1 169
1 179
1 181
1 209
1 211
1 217
1 226
1 235
1 303
1 305
1 308
1 314
1 321
1 327
1 332
1 344
1 360
1 368
1 399
1 401
1 413
1 417
1 420
1 430
1 459
1 492
1 503
1 524
1 542
1 565
1 583
1 627
1 630
1 631
1 632
1 639
2 8
2 14
2 63
2 64
2 66
2 69
2 77
2 83
2 90
2 95
2 110
2 129
2 149
2 161
2 183
2 186
2 187
2 226
2 233
2 246
2 274
2 285
2 298
2 300
2 328
2 332
2 334
2 339
2 350
2 351
2 357
2 362
2 363
2 374
2 378
2 384
2 389
2 406
2 417
2 418
2 424
2 428
2 431
2 434
2 450
2 463
2 467
2 472
2 473
2 475
2 487
2 493
2 495
2 496
2 504
2 505
2 514
2 519
2 521
2 529
2 533
2 559
2 585
2 596
2 632
2 637
2 642
2 645
3 34
3 44
3 47
3 69
3 79
3 81
3 84
3 99
3 103
3 105
3 113
3 117
3 121
3 133
3 154
3 165
3 171
3 199
3 204
3 211
3 230
3 244
3 250
3 267
3 285
3 289
3 296
3 329
3 347
3 352
3 361
3 374
3 377
3 383
3 387
3 392
3 414
3 434
3 436
3 446
3 477
3 487
3 494
3 511
3 522
3 542
3 546
3 554
3 580
3 591
3 592
3 600
3 608
3 613
3 630
4 13
4 28
4 54
4 58
4 61
4 67
4 77
4 107
4 108
4 120
4 141
4 153
4 159
4 192
4 203
4 207
4 210
4 226
4 233
4 276
4 289
4 298
4 305
4 306
4 311
4 315
4 316
4 325
4 345
4 358
4 365
4 367
4 374
4 375
4 376
4 380
4 382
4 388
4 400
4 401
4 415
4 418
4 419
4 425
4 426
4 440
4 460
4 479
4 503
4 505
4 534
4 553
4 556
4 561
4 575
4 578
4 585
4 604
4 619
4 650
5 10
5 14
5 29
5 37
5 38
5 47
5 57
5 80
5 81
5 83
5 90
5 91
5 114
5 120
5 127
5 133
5 137
5 141
5 154
5 155
5 171
5 172
5 178
5 180
5 188
5 208
5 218
5 226
5 229
5 241
5 262
5 264
5 269
5 276
5 280
5 285
5 290
5 312
5 314
5 322
5 348
5 352
5 365
5 377
5 378
5 423
5 426
5 443
5 450
5 451
5 465
5 467
5 477
5 506
5 509
5 519
5 524
5 526
5 528
5 529
5 537
5 544
5 546
5 548
5 582
5 608
5 637
5 638
6 3
6 7
6 13
6 14
6 21
6 24
6 56
6 61
6 82
6 88
6 98
6 100
6 101
6 102
6 104
6 108
6 114
6 134
6 152
6 158
6 168
6 184
6 186
6 201
6 206
6 207
6 221
6 230
6 260
6 272
6 276
6 289
6 291
6 292
6 296
6 297
6 313
6 314
6 316
6 319
6 326
6 340
6 346
6 357
6 365
6 387
6 396
6 399
6 423
6 429
6 435
6 446
6 449
6 453
6 459
6 462
6 467
6 468
6 472
6 473
6 484
6 489
6 500
6 515
6 518
6 520
6 523
6 540
6 543
6 549
6 564
6 569
6 570
6 574
6 582
6 594
6 597
6 606
6 607
6 608
6 621
6 627
6 647
6 650
7 12
7 18
7 20
7 22
7 28
7 39
7 45
7 50
7 54
7 62
7 70
7 75
7 77
7 79
7 80
7 85
7 86
7 89
7 91
7 98
7 106
7 107
7 110
7 131
7 136
7 167
7 170
7 177
7 196
7 201
7 203
7 207
7 212
7 216
7 224
7 231
7 235
7 239
7 252
7 279
7 288
7 302
7 303
7 310
7 323
7 336
7 337
7 343
7 357
7 362
7 367
7 380
7 387
7 395
7 408
7 419
7 420
7 426
7 439
7 463
7 478
7 485
7 512
7 521
7 523
7 534
7 537
7 551
7 574
7 577
7 579
7 584
7 594
7 611
7 613
7 617
7 630
7 631
7 641
7 650
8 3
8 15
8 19
8 22
8 30
8 41
8 55
8 57
8 62
8 64
8 67
8 88
8 90
8 100
8 120
8 129
8 131
8 133
8 143
8 147
8 150
8 154
8 164
8 170
8 174
8 184
8 190
8 197
8 207
8 215
8 227
8 268
8 273
8 313
8 315
8 323
8 331
8 335
8 342
8 344
8 351
8 370
8 399
8 400
8 405
8 411
8 432
8 438
8 439
8 444
8 454
8 470
8 471
8 477
8 489
8 511
8 515
8 516
8 533
8 542
8 552
8 563
8 582
8 585
8 599
8 605
8 618
8 631
8 636
8 644
9 1
9 14
9 15
9 25
9 34
9 41
9 43
9 50
9 60
9 76
9 89
9 96
9 112
9 116
9 120
9 122
9 124
9 140
9 145
9 148
9 162
9 183
9 189
9 191
9 197
9 203
9 214
9 236
9 240
9 253
9 256
9 257
9 281
9 296
9 319
9 331
9 338
9 345
9 349
9 357
9 358
9 379
9 398
9 412
9 428
9 445
9 471
9 476
9 482
9 491
9 500
9 528
9 529
9 530
9 534
9 541
9 560
9 567
9 568
9 575
9 601
9 621
9 628
10 2
10 8
10 20
10 21
10 26
10 40
10 43
10 48
10 65
10 71
10 88
10 89
10 92
10 120
10 121
10 124
10 127
10 146
10 168
10 172
10 186
10 194
10 198
10 200
10 234
10 247
10 250
10 272
10 273
10 283
10 303
10 306
10 317
10 329
10 336
10 364
10 365
10 375
10 399
10 407
10 413
10 416
10 443
10 449
10 453
10 469
10 471
10 476
10 479
10 484
10 485
10 489
10 494
10 502
10 507
10 509
10 512
10 522
10 523
10 552
10 561
10 562
10 566
10 579
10 612
10 615
10 617
10 623
10 631
10 649
10 650
11 3
11 15
11 22
11 24
11 31
11 32
11 41
11 64
11 68
11 84
11 94
11 100
11 101
11 110
11 122
11 142
11 146
11 149
11 153
11 156
11 168
11 175
11 185
11 206
11 212
11 213
11 216
11 217
11 223
11 234
11 242
11 252
11 267
11 277
11 278
11 285
11 311
11 328
11 331
11 352
11 354
11 357
11 366
11 367
11 375
11 378
11 392
11 400
11 408
11 420
11 424
11 426
11 433
11 440
11 460
11 470
11 502
11 523
11 525
11 534
11 544
11 547
11 549
11 558
11 574
11 579
11 580
11 600
11 628
11 649
12 1
12 17
12 21
12 27
12 28
12 32
12 36
12 42
12 54
12 56
12 85
12 87
12 89
12 108
12 111
12 123
12 127
12 136
12 145
12 156
12 169
12 170
12 176
12 177
12 189
12 191
12 220
12 222
12 226
12 230
12 234
12 235
12 242
12 243
12 248
12 252
12 267
12 268
12 281
12 294
12 301
12 337
12 338
12 341
12 344
12 348
12 350
12 362
12 372
12 374
12 377
12 391
12 395
12 407
12 412
12 417
12 419
12 428
12 440
12 444
12 465
12 471
12 472
12 475
12 493
12 497
12 499
12 520
12 524
12 532
12 539
12 543
12 553
12 558
12 581
12 588
12 589
12 596
12 608
12 609
12 615
12 628
12 631
13 25
13 34
13 48
13 60
13 62
13 83
13 97
13 104
13 112
13 125
13 126
13 143
13 168
13 179
13 187
13 192
13 218
13 224
13 225
13 243
13 248
13 249
13 267
13 283
13 288
13 307
13 313
13 324
13 335
13 340
13 341
13 346
13 353
13 362
13 380
13 382
13 385
13 396
13 399
13 408
13 421
13 425
13 426
13 436
13 437
13 439
13 465
13 472
13 485
13 488
13 489
13 495
13 497
13 499
13 520
13 535
13 543
13 544
13 571
13 581
13 598
13 599
13 601
13 617
13 619
13 631
13 636
13 637
14 9
14 29
14 32
14 45
14 53
14 74
14 96
14 102
14 106
14 113
14 114
14 128
14 173
14 174
14 193
14 201
14 217
14 219
14 235
14 238
14 244
14 252
14 257
14 284
14 293
14 300
14 309
14 314
14 316
14 319
14 321
14 327
14 343
14 345
14 347
14 360
14 368
14 372
14 387
14 389
14 394
14 398
14 409
14 414
14 418
14 443
14 444
14 448
14 455
14 477
14 478
14 482
14 500
14 503
14 516
14 518
14 521
14 522
14 538
14 542
14 545
14 552
14 555
14 578
14 580
14 581
14 587
14 588
14 593
14 596
14 606
14 619
14 628
14 630
15 1
15 18
15 29
15 35
15 42
15 54
15 55
15 57
15 63
15 64
15 68
15 69
15 80
15 88
15 103
15 110
15 122
15 148
15 163
15 164
15 182
15 185
15 187
15 188
15 202
15 204
15 206
15 207
15 209
15 222
15 233
15 238
15 243
15 244
15 246
15 252
15 256
15 300
15 327
15 342
15 350
15 374
15 392
15 393
15 417
15 421
15 422
15 495
15 499
15 511
15 520
15 527
15 535
15 540
15 545
15 562
15 575
15 599
15 622
15 624
15 640
15 641
15 642
16 10
16 30
16 31
16 43
16 46
16 54
16 67
16 72
16 78
16 81
16 89
16 90
16 99
16 108
16 113
16 122
16 123
16 133
16 135
16 138
16 155
16 157
16 166
16 169
16 174
16 180
16 181
16 188
16 209
16 216
16 221
16 231
16 240
16 287
16 290
16 293
16 300
16 301
16 305
16 306
16 323
16 326
16 339
16 357
16 360
16 363
16 376
16 395
16 410
16 413
16 431
16 446
16 475
16 499
16 506
16 514
16 515
16 544
16 546
16 549
16 556
16 571
16 585
16 593
16 604
16 609
16 633
16 634
16 650
17 2
17 19
17 30
17 31
17 38
17 39
17 47
17 55
17 66
17 93
17 101
17 102
17 106
17 111
17 112
17 116
17 117
17 120
17 132
17 156
17 161
17 178
17 184
17 185
17 187
17 191
17 195
17 206
17 207
17 210
17 224
17 230
17 295
17 296
17 321
17 330
17 344
17 346
17 349
17 358
17 374
17 391
17 393
17 401
17 421
17 422
17 438
17 447
17 451
17 458
17 464
17 479
17 511
17 521
17 542
17 545
17 548
17 561
17 564
17 573
17 579
17 581
17 588
17 604
17 617
17 620
17 621
17 628
17 630
17 636
18 4
18 5
18 17
18 24
18 63
18 66
18 80
18 90
18 93
18 94
18 110
18 111
18 116
18 133
18 143
18 144
18 171
18 181
18 186
18 210
18 212
18 220
18 222
18 238
18 243
18 270
18 295
18 332
18 347
18 352
18 389
18 400
18 407
18 414
18 415
18 420
18 422
18 424
18 427
18 435
18 436
18 440
18 445
18 450
18 454
18 458
18 459
18 466
18 474
18 483
18 497
18 513
18 536
18 539
18 541
18 543
18 549
18 567
18 569
18 596
18 598
18 599
18 601
18 604
18 605
18 613
18 614
18 642
18 643
19 35
19 37
19 56
19 59
19 68
19 72
19 87
19 102
19 103
19 149
19 154
19 164
19 167
19 171
19 176
19 183
19 192
19 199
19 211
19 215
19 219
19 228
19 230
19 246
19 253
19 257
19 269
19 270
19 299
19 305
19 306
19 333
19 364
19 365
19 372
19 416
19 433
19 468
19 474
19 476
19 488
19 489
19 490
19 494
19 500
19 533
19 549
19 552
19 554
19 565
19 570
19 587
19 610
19 614
19 619
19 634
19 650
20 6
20 12
20 19
20 24
20 32
20 45
20 47
20 48
Loss 0 59 0 0 0 81 0 0 0 0 0 0 0 0 90 0 0 0 0 0 0 0 0 0 65 0 0 0 0 0 0 0 97 0 0 69 0 0 0 0 59 92 0 73 63 0 0 0 51 0 65 0 0 0 0 0 0 0 0 0 0 0 0 0 52 0 0 0 0 0 0 0 0 0 57 0 0 0 0 0 0 71 0 0 0 0 0 0 0 96 0 0 96 0 0 0 88 0 0 0 0 0 0 0 61 0 88 0 0 0 0 0 0 0 0 96 0 0 0 0 51 0 60 0 0 0 0 0 0 0 0 0 0 62 75 64 0 0 0 0 0 0 0 0 0 0 0 79 0 0 0 0 0 0 0 0 0 0 0 100 0 95 61 0 0 55 0 0 0 0 0 0 75 0 0 0 0 96 0 0 0 0 0 0 73 0 52 56 76 0 83 0 0 0 0 67 0 0 0 0 0 0 0 64 0 0 0 0 0 0 0 0 0 0 0 0 0 0 0 0 0 0 0 69 0 0 0 0 64 0 0 58 0 62 0 54 0 0 69 0 0 0 0 0 0 0 0 0 0 0 0 0 0 0 0 0 0 0 0 0 0 0 0 0 0 0 0 58 99 0 0 89 60 0 0 0 54 68 0 0 0 53 97 65 0 0 0 62 0 0 0 90 0 0 59 0 0 0 0 0 90 0 0 0 0 0 0 52 0 66 0 0 70 0 69 0 0 0 0 0 0 0 0 0 0 0 0 0 0 0 0 94 94 0 70 0 0 0 0 97 0 0 0 0 70 0 0 0 0 0 68 58 0 0 0 0 0 0 0 0 0 0 0 0 0 0 0 0 0 97 0 0 0 0 0 0 66 0 0 0 0 0 0 0 0 0 59 0 0 0 0 0 0 0 0 0 0 62 51 0 0 0 0 0 0 0 0 60 0 56 0 58 0 0 0 79 0 0 0 0 0 0 58 0 0 0 0 0 0 0 0 0 0 90 0 91 0 0 0 0 0 0 65 0 0 0 0 89 0 0 0 0 0 92 0 0 0 0 93 0 0 54 0 0 0 0 0 0 0 96 0 0 0 0 51 56 0 0 0 52 72 0 0 0 0 0 0 71 0 0 66 0 0 0 0 0 0 0 0 0 0 0 0 0 0 0 77 0 60 93 89 0 53 0 0 0 65 0 0 0 0 90 0 0 0 0 0 0 0 0 0 0 0 0 86 0 0 0 0 0 0 0 0 0 0 0 0 0 65 0 0 0 0 0 56 73 0 53 0 0 0 100 0 94 0 0 0 60 73 0 0 0 0 0 0 0 0 0 75 82 74 0 0 0 0 0 0 0 0 0 0 0 0 0 85 0 0 0 0 0 0 0 0 0 0 0 0 0 0 0 0 90 0 0 0 0 52 0 0 52 0 63 0 0 0 0 0 0 0 0 0 0 0 0 0 77 0 0 0 0 66 54 0 0 0 0 0 0 69 0
