500 <--# of nodes, 1000 edges
1 11
1 31
1 43
1 49
1 66
1 69
1 74
1 75
1 78
1 84
1 89
1 106
1 111
1 113
1 124
1 129
1 136
1 137
1 145
1 157
1 158
1 204
1 212
1 218
1 224
1 240
1 245
1 247
1 248
1 258
1 261
1 303
1 328
1 335
1 342
1 346
1 354
1 356
1 376
1 379
1 392
1 400
1 404
1 446
1 452
1 461
1 475
1 484
1 488
1 491
2 3
2 4
2 12
2 49
2 51
2 55
2 56
2 58
2 59
2 65
2 72
2 90
2 100
2 112
2 113
2 114
2 120
2 138
2 140
2 147
2 153
2 154
2 156
2 162
2 180
2 184
2 200
2 218
2 223
2 270
2 291
2 292
2 312
2 324
2 328
2 333
2 350
2 353
2 388
2 403
2 409
2 412
2 420
2 431
2 449
2 477
2 483
2 484
2 500
3 10
3 13
3 15
3 16
3 37
3 57
3 96
3 101
3 122
3 125
3 136
3 147
3 152
3 156
3 178
3 187
3 188
3 190
3 205
3 222
3 236
3 250
3 263
3 271
3 273
3 284
3 288
3 292
3 299
3 300
3 301
3 305
3 323
3 325
3 330
3 342
3 358
3 360
3 365
3 368
3 385
3 408
3 422
3 434
3 448
3 449
3 456
3 464
3 471
3 480
3 483
3 493
3 495
4 2
4 5
4 12
4 14
4 27
4 30
4 32
4 39
4 84
4 89
4 91
4 98
4 99
4 106
4 115
4 117
4 140
4 152
4 159
4 166
4 169
4 194
4 204
4 219
4 230
4 233
4 240
4 241
4 245
4 255
4 264
4 268
4 300
4 303
4 330
4 340
4 343
4 391
4 392
4 412
4 441
4 447
4 478
4 482
4 483
4 494
5 11
5 19
5 23
5 25
5 27
5 31
5 35
5 42
5 44
5 50
5 63
5 64
5 81
5 85
5 87
5 110
5 123
5 144
5 155
5 161
5 168
5 202
5 207
5 237
5 240
5 245
5 247
5 259
5 260
5 275
5 297
5 304
5 314
5 329
5 348
5 357
5 415
5 435
5 436
5 438
5 439
5 444
5 449
5 455
5 474
5 486
5 487
5 495
5 498
5 499
6 31
6 38
6 62
6 74
6 81
6 85
6 86
6 104
6 127
6 159
6 171
6 187
6 216
6 223
6 231
6 243
6 252
6 257
6 291
6 294
6 308
6 336
6 340
6 342
6 348
6 349
6 352
6 357
6 360
6 361
6 363
6 370
6 375
6 382
6 393
6 402
6 420
6 432
6 435
6 436
6 450
6 453
6 457
6 459
6 480
6 483
6 495
6 496
7 5
7 15
7 17
7 20
7 22
7 49
7 51
7 72
7 81
7 83
7 85
7 116
7 132
7 133
7 141
7 162
7 163
7 180
7 192
7 194
7 214
7 219
7 230
7 238
7 248
7 249
7 256
7 258
7 260
7 262
7 292
7 308
7 313
7 314
7 318
7 319
7 320
7 322
7 338
7 343
7 358
7 361
7 377
7 384
7 400
7 406
7 414
7 416
7 419
7 420
7 421
7 429
7 442
7 456
7 466
7 478
7 486
8 3
8 20
8 65
8 77
8 88
8 92
8 95
8 111
8 118
8 128
8 137
8 139
8 155
8 167
8 170
8 174
8 188
8 191
8 207
8 224
8 225
8 237
8 245
8 261
8 266
8 272
8 286
8 288
8 290
8 295
8 299
8 310
8 313
8 323
8 338
8 342
8 358
8 362
8 366
8 371
8 373
8 378
8 397
8 399
8 400
8 431
8 442
8 443
8 445
8 451
8 453
8 472
8 490
8 498
9 8
9 14
9 22
9 32
9 51
9 67
9 91
9 100
9 107
9 113
9 132
9 134
9 177
9 185
9 196
9 220
9 237
9 243
9 248
9 249
9 268
9 272
9 275
9 279
9 285
9 297
9 308
9 309
9 318
9 321
9 348
9 358
9 373
9 375
9 395
9 422
9 423
9 428
9 435
9 437
9 439
9 447
9 452
9 467
9 470
9 483
9 495
9 497
9 500
10 1
10 6
10 11
10 12
10 13
10 21
10 29
10 35
10 37
10 40
10 49
10 51
10 62
10 75
10 83
10 91
10 96
10 99
10 130
10 139
10 140
10 171
10 174
10 176
10 177
10 180
10 183
10 193
10 220
10 224
10 227
10 234
10 235
10 238
10 252
10 268
10 281
10 292
10 304
10 327
10 333
10 346
10 349
10 385
10 392
10 398
10 400
10 403
10 406
10 409
10 424
10 433
10 468
10 477
10 479
10 489
10 490
10 494
11 46
11 69
11 79
11 83
11 87
11 88
11 92
11 127
11 134
11 138
11 149
11 150
11 157
11 164
11 172
11 174
11 175
11 186
11 192
11 220
11 232
11 234
11 258
11 291
11 298
11 314
11 320
11 326
11 364
11 370
11 375
11 420
11 439
11 441
11 455
11 466
12 1
12 18
12 23
12 24
12 32
12 79
12 80
12 86
12 87
12 90
12 91
12 100
12 107
12 116
12 138
12 145
12 149
12 168
12 173
12 183
12 191
12 212
12 222
12 226
12 228
12 229
12 234
12 240
12 246
12 252
12 262
12 280
12 290
12 305
12 308
12 312
12 313
12 341
12 351
12 353
12 359
12 372
12 383
12 386
12 391
12 392
12 395
12 401
12 422
12 423
12 429
12 433
12 449
12 471
12 491
12 498
13 7
13 16
13 22
13 29
13 34
13 40
13 48
13 86
13 89
13 106
13 110
13 112
13 117
13 119
13 123
13 127
13 137
13 150
13 154
13 168
13 169
13 189
13 193
13 216
13 227
13 231
13 268
13 269
13 281
13 290
13 295
13 301
13 308
13 319
13 341
13 343
13 347
13 364
13 369
13 372
13 383
13 427
13 440
13 459
13 460
13 472
13 489
14 25
14 28
14 62
14 101
14 103
14 109
14 115
14 130
14 133
14 135
14 156
14 158
14 161
14 163
14 166
14 169
14 185
14 186
14 206
14 207
14 225
14 236
14 246
14 263
14 273
14 279
14 288
14 290
14 296
14 314
14 328
14 343
14 379
14 388
14 396
14 410
14 416
14 419
14 423
14 428
14 435
14 444
14 450
14 453
14 455
14 463
14 464
14 465
14 467
14 476
14 478
14 481
15 17
15 20
15 45
15 55
15 73
15 78
15 103
15 114
15 119
15 148
15 166
15 169
15 195
15 206
15 232
15 254
15 272
15 310
15 312
15 314
15 321
15 339
15 346
15 351
15 372
15 395
15 397
15 403
15 412
15 415
15 419
15 422
15 429
15 431
15 441
15 458
15 479
15 492
15 493
15 499
16 3
16 4
16 10
16 35
16 37
16 42
16 52
16 54
16 65
16 100
16 104
16 110
16 111
16 117
16 130
16 151
16 152
16 168
16 188
16 196
16 199
16 201
16 206
16 220
16 225
16 226
16 229
16 233
16 240
16 245
16 290
16 302
16 319
16 323
16 380
16 387
16 389
16 390
16 411
16 440
16 449
16 454
16 480
16 496
17 13
17 27
17 31
17 33
17 36
17 39
17 43
17 48
17 53
17 57
17 59
17 62
17 64
17 69
17 82
17 106
17 115
17 116
17 136
17 139
17 140
17 152
17 155
17 180
17 182
17 188
17 216
17 234
17 238
17 247
17 254
17 256
17 264
17 274
17 292
17 336
17 385
17 390
17 396
17 406
17 411
17 413
17 424
17 426
17 428
17 462
17 463
17 465
17 466
17 480
17 490
18 1
18 10
18 25
18 33
18 46
18 50
18 52
18 53
18 67
18 75
18 82
18 92
18 100
18 108
18 110
18 115
18 116
18 120
18 123
18 125
18 137
18 139
18 144
18 151
18 154
18 181
18 200
18 203
18 208
18 210
18 239
18 243
18 287
18 290
18 293
18 304
18 309
18 323
18 326
18 336
18 349
18 351
18 374
18 375
18 380
18 388
18 408
18 414
18 445
18 450
18 466
18 477
19 20
19 29
19 35
19 59
19 64
19 89
19 96
19 103
19 114
19 124
19 136
19 140
19 143
19 145
19 153
19 155
19 166
19 170
19 174
19 189
19 219
19 222
19 228
19 229
19 232
19 244
19 256
19 262
19 273
19 281
19 310
19 325
19 326
19 328
19 360
19 380
19 411
19 417
19 419
19 425
19 426
19 437
19 455
19 458
19 469
19 474
19 478
19 486
19 495
20 5
20 15
20 19
20 34
20 36
20 42
20 49
20 60
20 73
20 79
20 86
20 92
20 106
20 123
20 137
20 138
20 144
20 150
20 161
20 162
20 171
20 175
20 180
20 181
20 184
20 200
20 241
20 243
20 246
20 256
20 265
20 269
20 275
20 279
20 281
20 286
20 295
20 309
20 318
20 319
20 340
20 345
20 366
20 368
20 370
20 387
20 395
20 397
20 405
20 419
20 423
20 429
20 446
20 449
20 467
20 489
20 492
21 26
21 32
Loss 0 0 0 0 0 0 0 0 0 87 0 90 0 0 91 0 0 50 0 0 0 0 0 0 0 0 0 61 62 0 79 0 0 0 0 85 0 0 0 0 53 0 0 0 68 0 55 0 0 64 0 0 0 0 0 0 0 0 57 50 94 94 0 0 0 0 76 0 0 0 0 55 73 0 0 0 0 0 0 0 50 74 0 59 0 0 0 0 68 0 0 91 0 0 0 0 0 0 0 0 0 0 0 0 0 0 0 0 0 0 100 0 0 69 0 0 0 0 51 0 0 53 0 0 0 79 0 0 81 0 0 0 0 0 0 0 0 0 0 0 0 61 0 0 0 0 56 0 0 0 0 0 0 0 0 0 0 0 0 0 0 58 67 82 0 0 0 0 0 0 0 0 0 0 78 0 0 0 0 0 55 0 0 0 67 0 0 0 83 55 0 0 0 57 0 66 97 0 0 0 0 94 0 0 0 0 0 0 0 0 77 0 94 94 0 0 0 0 0 60 0 0 0 0 0 0 0 0 0 0 0 64 0 69 0 0 94 0 0 0 0 89 93 0 59 0 0 0 0 0 0 0 0 51 0 0 0 0 0 0 0 0 57 0 0 50 0 0 0 0 0 0 90 58 0 55 100 0 0 0 0 75 0 0 0 59 0 0 0 0 0 88 0 0 81 0 0 0 0 0 0 0 0 0 0 0 0 0 0 0 0 0 0 99 0 0 0 0 0 0 0 0 0 57 0 0 0 0 0 0 0 74 0 56 0 84 82 0 0 0 0 0 0 0 0 0 93 0 0 0 0 65 64 0 0 0 0 0 0 0 50 94 0 0 0 0 0 0 0 93 0 0 0 0 0 0 80 0 0 0 0 0 0 0 59 0 0 0 0 0 0 0 0 0 0 0 91 84 76 0 0 0 52 73 0 0 0 52 0 0 0 0 78 0 0 0 0 0 0 0 84 0 0 0 80 68 0 0 0 0 0 61 0 0 0 53 0 0 0 0 69 0 0 97 0 60 0 59 66 0 0 0 0 0 0 0 0 72 0 0 0 0 0 0 0 0 56 0 0 0 51 0 0 0 0 0 0 54 0 0 0 0 0 0 54 0 67 92 0 0 0 0 0 79 0 0 0 0 0 0
