400 <--# of nodes, 800 edges
1 5
1 8
1 15
1 20
1 25
1 43
1 44
1 50
1 64
1 76
1 96
1 106
1 117
1 123
1 124
1 135
1 154
1 199
1 205
1 219
1 228
1 234
1 239
1 255
1 257
1 277
1 278
1 285
1 317
1 331
1 341
1 356
1 358
1 362
1 370
1 377
1 395
1 396
2 14
2 15
2 18
2 21
2 28
2 29
2 43
2 58
2 68
2 69
2 70
2 90
2 93
2 119
2 120
2 125
2 126
2 129
2 166
2 170
2 179
2 190
2 193
2 211
2 214
2 218
2 232
2 236
2 239
2 245
2 247
2 268
2 284
2 287
2 291
2 293
2 307
2 315
2 330
2 355
2 360
2 363
2 364
2 365
2 372
2 373
2 387
2 395
2 400
3 12
3 21
3 31
3 47
3 48
3 53
3 60
3 65
3 74
3 85
3 93
3 103
3 108
3 121
3 132
3 139
3 145
3 151
3 155
3 156
3 188
3 193
3 194
3 208
3 228
3 238
3 241
3 254
3 278
3 289
3 294
3 297
3 301
3 312
3 316
3 319
3 339
3 355
3 368
3 381
3 390
4 17
4 18
4 19
4 41
4 59
4 63
4 90
4 94
4 97
4 107
4 131
4 137
4 144
4 153
4 177
4 183
4 186
4 199
4 218
4 220
4 226
4 244
4 247
4 265
4 273
4 289
4 326
4 351
4 354
4 366
4 393
4 395
4 397
5 3
5 16
5 20
5 22
5 29
5 31
5 62
5 66
5 67
5 93
5 107
5 113
5 118
5 150
5 151
5 168
5 173
5 179
5 193
5 196
5 207
5 213
5 223
5 233
5 245
5 248
5 264
5 275
5 283
5 298
5 309
5 315
5 339
5 347
5 357
5 363
5 364
5 385
6 12
6 17
6 30
6 34
6 35
6 40
6 41
6 61
6 64
6 67
6 91
6 93
6 94
6 105
6 107
6 109
6 123
6 134
6 138
6 163
6 166
6 179
6 194
6 200
6 201
6 204
6 230
6 243
6 253
6 284
6 300
6 324
6 326
6 330
6 348
6 349
6 354
7 9
7 10
7 24
7 52
7 66
7 67
7 68
7 75
7 83
7 84
7 93
7 98
7 108
7 116
7 121
7 127
7 154
7 157
7 163
7 167
7 169
7 203
7 210
7 241
7 256
7 315
7 335
7 343
7 360
7 370
7 371
7 373
7 394
8 4
8 13
8 23
8 26
8 38
8 47
8 81
8 84
8 95
8 102
8 103
8 114
8 115
8 126
8 128
8 138
8 140
8 142
8 147
8 150
8 167
8 168
8 176
8 197
8 202
8 216
8 218
8 223
8 247
8 257
8 266
8 330
8 337
8 352
8 364
8 375
8 382
8 388
9 25
9 33
9 35
9 43
9 46
9 48
9 56
9 87
9 88
9 103
9 115
9 120
9 122
9 133
9 138
9 143
9 149
9 172
9 173
9 177
9 183
9 185
9 191
9 205
9 213
9 217
9 218
9 236
9 260
9 266
9 291
9 298
9 313
9 314
9 337
9 344
9 385
9 388
9 389
9 396
9 398
10 40
10 52
10 88
10 93
10 100
10 115
10 135
10 137
10 150
10 163
10 168
10 176
10 206
10 209
10 220
10 232
10 267
10 269
10 275
10 286
10 295
10 297
10 301
10 309
10 317
10 340
10 353
10 375
10 395
11 26
11 37
11 73
11 91
11 99
11 100
11 102
11 104
11 105
11 120
11 139
11 167
11 168
11 172
11 177
11 188
11 194
11 197
11 198
11 204
11 207
11 217
11 230
11 237
11 251
11 264
11 283
11 284
11 286
11 298
11 303
11 312
11 319
11 333
11 350
11 352
11 354
11 359
11 363
11 367
11 369
11 398
11 399
12 3
12 14
12 22
12 32
12 35
12 41
12 51
12 53
12 82
12 91
12 94
12 99
12 106
12 113
12 117
12 123
12 139
12 154
12 163
12 164
12 172
12 180
12 185
12 192
12 195
12 199
12 205
12 235
12 241
12 244
12 245
12 261
12 262
12 274
12 281
12 289
12 290
12 294
12 295
12 320
12 336
12 351
12 364
12 387
12 389
12 398
13 1
13 12
13 14
13 29
13 35
13 39
13 47
13 55
13 72
13 85
13 87
13 101
13 103
13 106
13 121
13 122
13 123
13 148
13 149
13 153
13 156
13 177
13 186
13 187
13 190
13 212
13 215
13 231
13 264
13 333
13 348
13 349
13 360
13 378
13 383
13 390
13 395
14 16
14 29
14 35
14 38
14 42
14 66
14 72
14 81
14 110
14 111
14 116
14 124
14 135
14 150
14 151
14 160
14 166
14 170
14 177
14 182
14 185
14 196
14 199
14 201
14 231
14 241
14 265
14 275
14 282
14 283
14 284
14 293
14 296
14 302
14 307
14 310
14 311
14 331
14 338
14 355
14 364
14 367
14 372
14 378
14 383
14 384
15 13
15 23
15 36
15 37
15 44
15 70
15 74
15 77
15 81
15 88
15 94
15 98
15 111
15 118
15 120
15 124
15 128
15 137
15 146
15 158
15 162
15 176
15 182
15 200
15 209
15 212
15 220
15 266
15 267
15 271
15 275
15 296
15 302
15 319
15 324
15 335
15 343
15 347
15 352
15 353
15 368
16 4
16 8
16 21
16 28
16 31
16 52
16 56
16 62
16 75
16 83
16 85
16 91
16 103
16 107
16 133
16 134
16 150
16 156
16 159
16 194
16 197
16 219
16 237
16 243
16 250
16 260
16 261
16 265
16 276
16 295
16 305
16 310
16 311
16 322
16 327
16 343
16 348
16 363
16 368
16 390
17 1
17 10
17 27
17 40
17 46
17 49
17 70
17 88
17 92
17 111
17 124
17 135
17 141
17 146
17 165
17 188
17 189
17 199
17 240
17 243
17 250
17 258
17 259
17 271
17 278
17 293
17 303
17 307
17 308
17 312
17 320
17 325
17 329
17 359
17 364
17 373
17 382
17 383
17 390
18 4
18 8
18 17
18 33
18 48
18 54
18 61
18 65
18 85
18 97
18 100
18 108
18 121
18 146
18 151
18 164
18 178
18 190
18 193
18 206
18 216
18 219
18 230
18 234
18 251
18 263
18 266
18 272
18 310
18 318
18 321
18 329
18 330
18 350
18 371
18 374
18 390
18 398
18 400
19 2
19 5
19 34
19 40
19 42
19 43
19 46
19 55
19 68
19 90
19 97
19 106
19 111
19 115
19 119
19 121
19 130
19 135
19 138
19 149
19 152
19 168
19 173
19 193
19 210
19 253
19 258
19 264
19 268
19 286
19 294
19 324
19 327
19 349
19 370
19 372
19 382
19 387
19 388
19 394
20 11
20 27
20 32
20 38
20 40
20 46
20 54
20 57
20 74
20 101
20 105
20 117
20 121
20 122
20 124
20 135
20 169
20 173
20 179
20 181
20 185
20 194
20 202
20 209
20 216
20 222
20 269
20 272
20 281
20 290
20 294
20 301
20 307
20 311
20 358
20 372
20 387
20 397
21 6
21 8
21 32
21 66
21 75
21 84
21 106
21 117
21 128
21 141
21 152
21 154
21 161
21 175
Loss 0 0 88 0 71 0 64 0 66 0 61 0 0 0 55 0 0 50 86 0 0 0 0 0 0 0 0 85 0 0 0 0 0 59 83 0 0 0 83 0 0 89 0 0 0 0 0 0 0 0 0 87 0 87 0 61 0 0 0 59 0 0 0 0 0 0 0 0 53 0 0 0 0 0 0 51 0 61 0 96 0 88 0 0 83 0 0 0 0 0 76 0 85 0 0 0 0 0 0 0 74 0 54 100 0 0 0 0 0 0 0 0 0 0 0 55 0 0 0 0 0 0 0 87 0 0 0 86 0 0 0 0 0 0 0 0 0 58 0 0 0 0 0 74 0 0 62 0 0 90 0 0 0 0 0 0 0 0 0 0 0 0 87 0 83 0 0 59 0 58 0 0 0 56 0 61 0 0 0 0 83 0 0 0 0 0 0 73 0 0 0 0 0 0 58 0 0 0 0 0 0 0 0 55 0 0 0 0 84 0 0 0 83 0 0 57 78 0 0 0 0 0 0 72 0 0 84 0 0 0 0 68 0 0 0 0 0 0 0 0 0 0 0 0 0 0 0 68 0 0 83 0 98 0 99 0 0 0 0 79 0 0 0 0 0 0 0 61 0 0 0 0 0 0 0 0 63 70 0 0 72 0 80 0 91 0 99 96 0 0 0 0 0 0 0 60 0 0 0 0 93 0 0 55 0 0 0 0 0 0 0 0 0 0 0 0 0 0 0 0 0 0 0 0 0 0 81 0 97 0 0 0 0 0 0 0 0 0 0 0 0 0 0 0 91 0 0 0 0 0 56 0 98 82 98 0 0 0 0 78 0 0 0 0 59 0 0 0 0 0 0 0 74 0 0 0 0 0 0 0 0 0 0 0 71 0 50 0 0 63 0 0 0 0 0 62 0 0 81 92
