350 <--# of nodes, 700 edges
1 5
1 8
1 18
1 19
1 25
1 39
1 60
1 82
1 102
1 111
1 121
1 128
1 150
1 160
1 170
1 175
1 188
1 201
1 213
1 237
1 242
1 248
1 265
1 271
1 279
1 283
1 294
1 299
1 306
1 309
1 313
1 342
2 15
2 38
2 48
2 51
2 54
2 57
2 65
2 75
2 79
2 80
2 125
2 144
2 152
2 169
2 173
2 204
2 209
2 220
2 223
2 243
2 251
2 257
2 259
2 265
2 274
2 298
2 313
2 316
2 320
3 11
3 13
3 21
3 25
3 26
3 28
3 29
3 57
3 64
3 72
3 73
3 79
3 80
3 91
3 108
3 114
3 121
3 127
3 129
3 186
3 187
3 197
3 202
3 218
3 236
3 238
3 274
3 277
3 278
3 280
3 283
3 289
3 302
3 325
3 329
4 3
4 5
4 9
4 13
4 15
4 48
4 54
4 67
4 89
4 100
4 120
4 124
4 141
4 143
4 160
4 164
4 178
4 181
4 192
4 204
4 206
4 216
4 227
4 234
4 248
4 254
4 265
4 266
4 277
4 299
4 312
4 320
4 330
4 332
4 341
4 349
5 15
5 19
5 26
5 40
5 42
5 61
5 62
5 63
5 64
5 66
5 71
5 74
5 84
5 88
5 92
5 99
5 102
5 121
5 128
5 140
5 143
5 164
5 181
5 186
5 212
5 221
5 239
5 245
5 259
5 261
5 293
5 311
5 313
5 315
5 337
5 347
6 2
6 15
6 54
6 61
6 96
6 105
6 111
6 125
6 144
6 169
6 170
6 178
6 190
6 196
6 206
6 215
6 218
6 247
6 261
6 266
6 268
6 282
6 285
6 318
6 319
6 323
6 330
6 331
6 339
6 346
7 11
7 13
7 54
7 63
7 75
7 85
7 96
7 109
7 145
7 148
7 183
7 188
7 203
7 206
7 220
7 222
7 227
7 233
7 244
7 248
7 253
7 284
7 287
7 288
7 291
7 310
7 315
7 321
7 335
7 337
7 345
7 346
7 350
8 10
8 20
8 26
8 28
8 61
8 73
8 86
8 98
8 100
8 109
8 122
8 127
8 131
8 133
8 138
8 140
8 152
8 158
8 160
8 189
8 194
8 198
8 233
8 248
8 254
8 275
8 277
8 295
8 313
8 320
8 321
8 322
8 334
9 21
9 48
9 63
9 72
9 99
9 107
9 108
9 123
9 126
9 132
9 141
9 147
9 158
9 162
9 163
9 168
9 186
9 200
9 202
9 203
9 204
9 224
9 225
9 254
9 255
9 288
9 289
9 292
9 295
9 314
9 319
9 343
10 15
10 22
10 28
10 36
10 39
10 40
10 42
10 59
10 65
10 72
10 92
10 99
10 111
10 112
10 129
10 148
10 150
10 162
10 164
10 201
10 223
10 240
10 246
10 271
10 283
10 284
10 288
10 292
10 300
10 308
10 319
10 323
10 327
10 329
10 332
10 346
11 3
11 36
11 38
11 46
11 61
11 75
11 105
11 108
11 137
11 179
11 194
11 213
11 219
11 223
11 229
11 243
11 245
11 255
11 258
11 304
11 308
11 309
11 341
12 15
12 38
12 64
12 88
12 90
12 105
12 121
12 135
12 137
12 141
12 143
12 197
12 199
12 203
12 208
12 212
12 233
12 235
12 242
12 246
12 255
12 259
12 262
12 267
12 295
12 300
12 304
12 310
12 315
12 325
12 330
13 6
13 18
13 26
13 49
13 58
13 61
13 64
13 97
13 109
13 123
13 127
13 138
13 154
13 155
13 160
13 166
13 198
13 231
13 238
13 242
13 279
13 298
13 310
13 312
13 320
13 346
13 349
14 12
14 16
14 17
14 27
14 42
14 61
14 65
14 69
14 77
14 80
14 92
14 149
14 159
14 166
14 169
14 171
14 185
14 186
14 190
14 217
14 224
14 227
14 237
14 245
14 266
14 268
14 271
14 277
14 285
14 305
15 3
15 21
15 23
15 37
15 41
15 54
15 57
15 60
15 72
15 89
15 96
15 104
15 105
15 119
15 135
15 153
15 178
15 189
15 200
15 230
15 232
15 235
15 273
15 278
15 290
15 292
15 312
15 323
15 327
15 330
16 1
16 15
16 29
16 33
16 35
16 38
16 42
16 45
16 59
16 70
16 80
16 83
16 85
16 86
16 103
16 107
16 109
16 112
16 137
16 199
16 210
16 220
16 261
16 267
16 269
16 271
16 275
16 278
16 295
16 312
16 326
16 328
16 335
16 342
16 344
16 346
17 4
17 24
17 30
17 40
17 46
17 77
17 80
17 100
17 106
17 126
17 128
17 135
17 139
17 145
17 150
17 153
17 214
17 215
17 221
17 226
17 232
17 234
17 235
17 258
17 266
17 267
17 275
17 298
17 317
17 320
17 323
17 330
18 4
18 53
18 54
18 65
18 71
18 76
18 84
18 102
18 122
18 133
18 147
18 149
18 154
18 173
18 177
18 183
18 199
18 216
18 220
18 226
18 239
18 255
18 260
18 269
18 290
18 292
18 306
18 309
18 319
18 320
18 327
18 337
18 341
19 1
19 9
19 38
19 41
19 46
19 56
19 82
19 94
19 97
19 98
19 100
19 109
19 125
19 153
19 160
19 162
19 171
19 178
19 188
19 192
19 203
19 208
19 212
19 214
19 217
19 218
19 222
19 236
19 251
19 252
19 265
19 277
19 282
19 292
19 294
19 297
19 313
19 321
19 349
20 8
20 10
20 13
20 19
20 24
20 25
20 30
20 33
20 34
20 41
20 43
20 49
20 56
20 57
20 60
20 69
20 75
20 76
20 77
20 82
20 83
20 88
20 94
20 95
20 96
20 106
20 108
20 119
20 123
20 126
20 130
20 132
20 135
20 138
20 146
20 152
20 154
20 166
20 198
20 199
20 215
20 221
20 248
20 250
20 263
20 274
20 280
20 291
20 298
20 317
20 318
20 331
20 333
21 10
21 13
21 32
21 72
21 74
21 81
21 84
21 103
21 110
21 125
21 142
21 155
21 162
21 182
21 194
21 196
21 199
21 205
21 206
21 215
21 233
21 234
21 246
21 253
21 257
21 260
21 268
21 272
21 276
21 295
21 300
21 303
21 309
21 312
Loss 0 0 56 76 0 0 0 0 0 0 0 0 58 0 78 0 67 0 0 0 0 0 0 0 0 0 0 0 0 0 0 0 0 0 0 0 0 0 0 91 0 0 87 0 50 0 0 0 0 0 0 0 55 0 0 0 0 0 0 0 78 58 0 0 71 0 0 0 0 0 63 0 82 0 0 0 0 0 0 0 0 0 0 0 0 0 80 0 0 0 0 0 0 0 100 0 0 0 0 0 0 0 76 65 0 0 0 0 98 0 0 0 91 82 0 0 0 0 0 0 0 0 0 0 99 0 0 0 73 0 63 0 0 57 0 0 0 0 0 0 0 0 0 0 0 0 0 0 0 0 0 0 96 0 0 0 100 52 0 0 0 0 0 0 0 0 53 0 0 0 0 0 0 0 0 0 0 0 92 0 0 0 0 0 0 0 0 70 51 0 97 0 0 0 0 0 0 0 62 0 0 0 69 0 0 84 0 0 0 0 0 67 54 0 0 0 0 0 0 0 0 0 0 60 86 0 0 0 0 82 0 0 0 0 0 0 0 69 0 0 0 0 82 0 53 0 67 0 0 0 78 55 0 0 0 77 0 0 0 0 0 68 0 0 0 0 79 0 0 78 0 0 0 0 65 0 0 0 0 0 0 0 68 0 0 0 0 80 78 0 0 0 0 0 71 0 0 0 0 0 0 0 0 0 0 0 0 78 0 0 0 0 0 0 90 0 79 58 0 0 0 0 0 0 0 0 76 0 0 69 0 0 0 0 0 0 0 0 0 63 0 0 0 58 0 74 98 98 0 99
