450 <--# of nodes, 900 edges
1 10
1 21
1 32
1 34
1 41
1 54
1 69
1 81
1 83
1 89
1 93
1 114
1 118
1 124
1 126
1 137
1 138
1 159
1 178
1 183
1 212
1 231
1 256
1 291
1 300
1 301
1 302
1 320
1 323
1 326
1 328
1 354
1 397
1 400
1 409
1 419
1 423
1 435
1 450
2 14
2 41
2 63
2 68
2 80
2 118
2 129
2 139
2 181
2 187
2 188
2 190
2 198
2 201
2 208
2 214
2 215
2 222
2 232
2 235
2 237
2 238
2 239
2 245
2 259
2 265
2 267
2 269
2 279
2 281
2 288
2 290
2 300
2 308
2 315
2 335
2 353
2 363
2 370
2 372
2 379
2 383
2 384
2 387
2 394
2 398
2 404
2 426
2 445
3 2
3 24
3 33
3 41
3 51
3 52
3 88
3 96
3 105
3 132
3 153
3 172
3 174
3 190
3 214
3 217
3 219
3 222
3 229
3 253
3 257
3 278
3 300
3 311
3 325
3 329
3 339
3 346
3 361
3 362
3 390
3 396
3 401
3 408
3 429
3 436
3 449
4 22
4 29
4 48
4 51
4 58
4 66
4 76
4 79
4 86
4 87
4 101
4 114
4 122
4 126
4 130
4 135
4 136
4 137
4 167
4 177
4 230
4 231
4 248
4 273
4 280
4 284
4 309
4 314
4 316
4 318
4 326
4 331
4 333
4 348
4 361
4 366
4 367
4 373
4 375
4 382
4 388
4 390
4 394
4 401
4 433
4 439
4 443
5 6
5 7
5 29
5 31
5 32
5 33
5 44
5 55
5 58
5 64
5 78
5 79
5 81
5 85
5 92
5 107
5 110
5 125
5 129
5 141
5 148
5 155
5 172
5 180
5 184
5 185
5 186
5 192
5 197
5 200
5 204
5 219
5 226
5 251
5 252
5 265
5 267
5 273
5 288
5 289
5 312
5 327
5 330
5 334
5 344
5 351
5 356
5 358
5 360
5 368
5 377
5 383
5 393
5 395
5 402
5 421
5 422
5 433
5 443
6 13
6 17
6 27
6 46
6 79
6 80
6 83
6 84
6 94
6 124
6 143
6 147
6 161
6 171
6 188
6 198
6 202
6 214
6 217
6 249
6 253
6 255
6 281
6 289
6 297
6 314
6 321
6 325
6 339
6 342
6 354
6 362
6 373
6 390
6 392
6 408
6 414
6 418
6 428
6 431
7 9
7 11
7 23
7 27
7 34
7 45
7 53
7 61
7 62
7 69
7 74
7 75
7 101
7 105
7 112
7 132
7 145
7 150
7 153
7 163
7 170
7 173
7 175
7 187
7 197
7 198
7 218
7 235
7 241
7 252
7 256
7 260
7 264
7 271
7 276
7 279
7 288
7 297
7 299
7 308
7 330
7 343
7 348
7 357
7 361
7 368
7 375
7 402
7 403
7 405
7 407
7 413
7 415
7 418
7 422
7 425
7 427
8 3
8 5
8 11
8 12
8 25
8 31
8 34
8 38
8 52
8 65
8 70
8 71
8 73
8 81
8 83
8 88
8 107
8 114
8 121
8 125
8 130
8 140
8 157
8 158
8 179
8 195
8 218
8 221
8 235
8 241
8 242
8 243
8 258
8 259
8 270
8 273
8 278
8 293
8 305
8 330
8 360
8 367
8 381
8 398
8 402
8 414
8 416
8 419
8 426
8 427
8 450
9 5
9 13
9 18
9 38
9 47
9 52
9 55
9 72
9 85
9 94
9 97
9 111
9 122
9 128
9 130
9 141
9 146
9 164
9 169
9 174
9 194
9 208
9 224
9 243
9 258
9 263
9 268
9 283
9 296
9 302
9 327
9 354
9 366
9 367
9 400
9 425
9 434
10 8
10 12
10 22
10 25
10 37
10 44
10 56
10 61
10 65
10 67
10 93
10 115
10 116
10 142
10 147
10 156
10 163
10 176
10 179
10 183
10 217
10 220
10 227
10 242
10 244
10 251
10 254
10 255
10 302
10 314
10 321
10 326
10 336
10 339
10 354
10 359
10 361
10 366
10 382
10 392
10 402
10 408
10 426
11 6
11 7
11 13
11 18
11 25
11 35
11 36
11 38
11 52
11 72
11 92
11 116
11 123
11 133
11 165
11 168
11 179
11 185
11 204
11 205
11 207
11 212
11 217
11 239
11 240
11 255
11 264
11 286
11 290
11 292
11 300
11 309
11 318
11 326
11 331
11 340
11 346
11 368
11 372
11 380
11 384
11 391
11 398
11 430
11 438
11 444
11 447
12 4
12 13
12 22
12 26
12 28
12 34
12 46
12 48
12 49
12 55
12 59
12 63
12 79
12 111
12 113
12 140
12 146
12 172
12 180
12 213
12 226
12 248
12 249
12 253
12 254
12 263
12 268
12 270
12 300
12 305
12 306
12 317
12 320
12 344
12 346
12 348
12 360
12 365
12 373
12 380
12 396
12 400
12 409
12 417
12 423
12 432
12 439
12 440
12 446
13 16
13 18
13 20
13 53
13 55
13 65
13 68
13 71
13 83
13 84
13 90
13 91
13 107
13 114
13 117
13 128
13 158
13 160
13 213
13 217
13 222
13 249
13 250
13 271
13 292
13 296
13 297
13 302
13 308
13 323
13 324
13 328
13 332
13 335
13 339
13 343
13 374
13 383
13 384
13 385
13 388
13 394
13 396
13 398
13 407
13 408
13 420
13 422
13 449
14 2
14 3
14 23
14 26
14 32
14 35
14 37
14 49
14 61
14 70
14 71
14 76
14 88
14 93
14 104
14 135
14 156
14 182
14 185
14 194
14 195
14 205
14 212
14 219
14 223
14 226
14 248
14 255
14 262
14 283
14 288
14 299
14 305
14 309
14 311
14 316
14 319
14 320
14 346
14 360
14 362
14 363
14 366
14 378
14 383
14 385
14 389
14 390
14 407
14 420
14 421
14 427
14 434
14 446
15 1
15 2
15 8
15 9
15 12
15 16
15 34
15 35
15 52
15 54
15 57
15 68
15 70
15 71
15 79
15 83
15 86
15 89
15 94
15 107
15 137
15 141
15 146
15 149
15 164
15 179
15 184
15 189
15 194
15 196
15 197
15 198
15 219
15 223
15 241
15 245
15 253
15 256
15 274
15 275
15 318
15 324
15 340
15 341
15 346
15 348
15 361
15 367
15 373
15 375
15 378
15 395
15 404
15 410
15 436
15 437
15 442
16 9
16 14
16 31
16 37
16 57
16 68
16 101
16 107
16 108
16 121
16 131
16 133
16 162
16 164
16 167
16 176
16 184
16 185
16 197
16 199
16 204
16 226
16 230
16 278
16 283
16 320
16 340
16 343
16 350
16 358
16 360
16 369
16 380
16 395
16 406
16 420
16 421
16 438
16 444
17 20
17 37
17 55
17 61
17 65
17 77
17 83
17 97
17 102
17 119
17 120
17 126
17 131
17 162
17 176
17 193
17 198
17 206
17 207
17 213
17 234
17 261
17 268
17 272
17 273
17 281
17 303
17 317
17 320
17 322
17 328
17 335
17 336
17 358
17 363
17 378
17 379
17 387
17 411
17 426
17 438
18 21
18 39
18 55
18 58
18 71
18 76
18 91
18 92
18 99
18 116
18 118
18 120
18 137
18 145
18 156
18 160
18 165
18 168
18 173
18 181
18 203
18 205
18 224
18 226
18 245
18 258
18 268
18 269
18 270
18 271
18 279
18 291
18 301
18 303
18 304
18 306
18 322
18 332
18 337
18 350
18 354
18 367
18 375
18 379
18 387
18 395
18 397
18 402
18 420
18 427
18 428
18 434
18 439
18 440
18 449
19 49
19 78
19 79
19 87
19 100
19 102
19 115
19 116
19 123
19 125
19 140
19 143
19 147
19 168
19 179
19 186
19 190
19 198
19 208
19 238
19 253
19 261
19 262
19 267
19 272
19 286
19 296
19 303
19 306
19 318
19 322
19 323
19 331
19 335
19 337
19 345
19 364
19 369
19 378
19 401
19 427
19 436
20 25
20 36
20 66
20 70
20 92
20 115
20 121
20 140
Loss 0 0 0 0 0 0 56 0 0 0 0 65 0 0 0 0 0 0 0 0 98 0 0 0 0 0 0 0 0 0 0 0 0 57 50 0 0 0 0 65 0 0 0 94 0 0 0 68 0 63 0 0 0 0 0 0 0 84 0 0 0 0 0 0 0 0 0 0 0 0 0 0 0 0 0 83 0 0 0 0 0 0 59 0 0 0 0 0 0 0 0 0 0 0 60 0 0 0 0 0 0 55 0 0 0 0 0 0 89 0 0 0 0 0 0 0 0 0 0 0 0 0 0 0 0 0 0 0 0 0 0 0 0 0 0 0 75 0 0 0 0 0 0 0 0 0 0 0 0 0 0 0 0 59 0 68 0 0 0 0 0 92 0 51 0 0 0 0 0 0 0 0 0 0 0 81 0 0 58 0 0 0 0 0 0 0 0 0 81 0 0 0 0 77 0 0 0 0 0 84 0 0 0 0 88 0 65 0 0 0 62 0 0 58 97 0 0 0 0 0 52 0 0 0 0 0 0 0 0 0 74 70 0 0 0 0 0 67 0 0 98 0 0 0 0 0 0 0 78 0 0 0 73 0 0 50 0 0 0 0 0 0 0 0 0 0 79 69 0 75 0 0 0 0 0 0 75 0 91 0 0 0 0 0 0 0 0 0 0 0 0 0 0 57 0 0 0 0 0 0 66 0 0 0 0 0 56 0 94 0 0 92 75 0 50 82 0 0 54 100 0 78 0 0 0 0 0 0 0 0 0 57 0 0 0 0 0 0 0 70 0 0 0 0 0 0 0 0 0 0 0 0 0 74 0 0 0 0 0 0 57 0 0 0 0 0 0 92 0 0 66 0 0 0 0 64 0 67 0 0 0 0 0 0 0 0 0 0 0 0 0 92 84 0 0 0 0 70 0 0 0 0 0 0 0 0 0 0 0 0 0 96 63 0 0 0 0 0 0 0 0 0 0 0 0 0 0 0 0 0 0 0 0 0 0 0 0 0 64 0 0 0 72 0 0 0 0 0 0 0
