200 <--# of nodes, 400 edges
1 3
1 15
1 40
1 50
1 64
1 71
1 73
1 84
1 96
1 97
1 136
1 142
1 162
1 178
1 185
1 194
2 26
2 72
2 74
2 86
2 102
2 121
2 123
2 124
2 139
2 149
2 156
2 172
2 188
2 190
2 191
2 197
3 10
3 11
3 18
3 21
3 22
3 40
3 54
3 56
3 74
3 83
3 85
3 90
3 91
3 95
3 101
3 106
3 115
3 116
3 130
3 139
3 144
3 151
3 154
3 160
3 165
3 169
3 173
3 180
3 183
4 14
4 19
4 25
4 48
4 52
4 54
4 59
4 65
4 83
4 94
4 96
4 104
4 106
4 114
4 166
4 197
4 199
5 14
5 51
5 65
5 66
5 70
5 74
5 85
5 102
5 117
5 130
5 142
5 159
5 181
6 5
6 59
6 72
6 75
6 82
6 84
6 103
6 112
6 121
6 123
6 125
6 128
6 129
6 157
6 163
6 164
6 166
6 175
6 177
6 183
7 8
7 25
7 40
7 42
7 46
7 48
7 49
7 62
7 71
7 73
7 81
7 89
7 93
7 111
7 118
7 137
7 148
7 152
7 170
7 177
7 184
8 1
8 3
8 4
8 13
8 22
8 24
8 30
8 36
8 39
8 52
8 60
8 61
8 63
8 64
8 83
8 97
8 106
8 167
8 171
8 186
8 198
9 19
9 22
9 31
9 40
9 42
9 48
9 51
9 70
9 87
9 99
9 108
9 114
9 124
9 145
9 152
9 159
9 188
9 190
10 26
10 42
10 50
10 55
10 59
10 78
10 84
10 94
10 108
10 152
10 153
10 155
10 163
10 175
10 183
10 188
10 189
10 198
10 199
11 8
11 21
11 25
11 30
11 32
11 36
11 47
11 52
11 64
11 84
11 100
11 103
11 111
11 125
11 128
11 134
11 141
11 142
11 161
11 188
12 33
12 36
12 46
12 50
12 59
12 87
12 94
12 105
12 111
12 124
12 125
12 145
12 149
12 151
12 153
12 158
12 190
13 9
13 14
13 15
13 23
13 32
13 50
13 53
13 55
13 64
13 65
13 66
13 73
13 83
13 88
13 89
13 93
13 96
13 101
13 106
13 108
13 115
13 125
13 130
13 151
13 166
13 186
14 5
14 10
14 29
14 40
14 43
14 44
14 70
14 85
14 99
14 118
14 119
14 120
14 129
14 138
14 146
14 152
14 173
14 183
14 184
14 197
15 4
15 11
15 14
15 21
15 30
15 44
15 47
15 48
15 50
15 60
15 64
15 73
15 82
15 87
15 94
15 95
15 97
15 100
15 102
15 117
15 134
15 148
15 154
15 158
15 171
15 176
15 184
15 189
15 191
15 200
16 4
16 15
16 39
16 48
16 54
16 61
16 88
16 105
16 117
16 125
16 128
16 133
16 138
16 150
16 177
16 179
17 22
17 31
17 37
17 42
17 51
17 57
17 63
17 65
17 71
17 90
17 98
17 105
17 124
17 136
17 147
17 173
17 188
17 189
17 190
17 198
18 20
18 21
18 23
18 34
18 36
18 43
18 57
18 62
18 64
18 78
18 83
18 92
18 95
18 101
18 123
18 125
18 133
18 144
18 146
18 152
18 162
18 169
18 179
19 34
19 36
19 44
19 62
19 72
19 90
19 91
19 93
19 103
19 105
19 122
19 146
19 148
19 152
19 164
19 170
19 197
20 1
20 2
20 5
20 17
20 23
20 25
20 60
20 71
20 80
20 85
20 89
20 91
20 108
20 115
20 121
20 123
20 165
20 169
20 179
20 182
20 199
Loss 0 0 97 100 0 0 98 0 0 0 83 0 0 65 67 0 0 76 0 0 0 0 0 65 0 0 0 0 0 0 98 0 0 0 0 0 0 81 0 0 82 0 0 0 0 0 0 0 0 0 0 0 76 94 0 0 92 0 50 0 0 0 65 0 0 0 0 0 0 0 0 0 0 0 56 0 0 0 89 0 0 0 0 0 0 0 0 74 0 0 0 95 0 0 0 0 91 0 0 0 0 0 68 0 0 0 65 0 0 0 0 0 0 0 67 68 0 0 0 0 0 0 91 0 81 0 88 0 78 75 0 0 0 0 0 53 0 0 0 0 0 61 0 0 0 0 0 0 0 0 0 60 0 0 0 0 0 0 0 0 0 0 0 0 0 0 0 0 0 97 0 0 0 0 0 0 64 0 0 0 0 0 0 0 0 0 0 73 79 0 0 0 0 0 0 0 0 0 0 0
