700 <--# of nodes, 1400 edges
1 7
1 29
1 30
1 37
1 50
1 52
1 54
1 83
1 87
1 108
1 117
1 118
1 137
1 153
1 164
1 171
1 175
1 178
1 198
1 216
1 223
1 226
1 230
1 233
1 246
1 283
1 285
1 290
1 292
1 316
1 319
1 332
1 338
1 353
1 357
1 360
1 364
1 370
1 373
1 374
1 392
1 396
1 402
1 406
1 408
1 416
1 420
1 450
1 459
1 474
1 485
1 504
1 540
1 553
1 563
1 577
1 589
1 590
1 620
1 624
1 641
1 647
1 656
1 658
1 659
1 673
1 681
1 685
1 688
1 700
2 7
2 22
2 24
2 42
2 59
2 66
2 72
2 83
2 90
2 107
2 113
2 123
2 125
2 137
2 139
2 141
2 142
2 164
2 174
2 198
2 218
2 227
2 230
2 239
2 258
2 259
2 260
2 271
2 288
2 296
2 300
2 319
2 342
2 358
2 367
2 373
2 377
2 386
2 404
2 424
2 425
2 448
2 471
2 476
2 479
2 482
2 483
2 514
2 518
2 526
2 531
2 553
2 564
2 567
2 570
2 576
2 577
2 579
2 590
2 599
2 605
2 613
2 624
2 629
2 644
2 687
2 692
2 697
2 699
3 14
3 18
3 39
3 40
3 48
3 49
3 50
3 53
3 63
3 64
3 66
3 71
3 74
3 86
3 94
3 100
3 105
3 109
3 115
3 118
3 122
3 164
3 179
3 185
3 194
3 201
3 212
3 222
3 224
3 234
3 246
3 247
3 262
3 263
3 288
3 297
3 302
3 303
3 305
3 312
3 317
3 323
3 332
3 336
3 343
3 345
3 346
3 353
3 359
3 371
3 390
3 393
3 402
3 406
3 409
3 416
3 417
3 418
3 421
3 430
3 431
3 432
3 440
3 448
3 463
3 473
3 477
3 485
3 503
3 507
3 521
3 549
3 555
3 557
3 572
3 584
3 586
3 590
3 594
3 595
3 615
3 617
3 623
3 639
3 642
3 669
3 675
4 32
4 33
4 39
4 63
4 86
4 88
4 90
4 92
4 128
4 131
4 144
4 155
4 157
4 159
4 168
4 176
4 178
4 182
4 197
4 200
4 210
4 221
4 226
4 227
4 240
4 254
4 266
4 281
4 287
4 289
4 298
4 302
4 329
4 332
4 338
4 368
4 372
4 374
4 379
4 386
4 438
4 448
4 457
4 460
4 483
4 492
4 530
4 543
4 544
4 549
4 560
4 561
4 564
4 577
4 582
4 583
4 584
4 597
4 601
4 603
4 606
4 627
4 636
4 637
4 639
4 673
4 675
4 695
5 11
5 12
5 24
5 37
5 47
5 54
5 58
5 72
5 77
5 101
5 103
5 124
5 132
5 136
5 138
5 141
5 144
5 154
5 165
5 174
5 203
5 205
5 206
5 220
5 242
5 246
5 251
5 254
5 279
5 287
5 296
5 315
5 320
5 324
5 326
5 334
5 337
5 356
5 357
5 359
5 360
5 363
5 375
5 377
5 401
5 407
5 430
5 434
5 443
5 459
5 460
5 467
5 502
5 504
5 508
5 541
5 547
5 559
5 573
5 581
5 584
5 616
5 635
5 639
5 683
5 688
5 692
5 697
6 2
6 7
6 10
6 18
6 26
6 28
6 29
6 30
6 48
6 49
6 52
6 54
6 58
6 63
6 65
6 99
6 104
6 106
6 116
6 123
6 147
6 150
6 161
6 163
6 167
6 187
6 196
6 197
6 199
6 205
6 206
6 208
6 215
6 221
6 238
6 240
6 246
6 247
6 248
6 264
6 268
6 269
6 288
6 290
6 301
6 306
6 312
6 326
6 327
6 329
6 334
6 350
6 351
6 364
6 366
6 368
6 389
6 391
6 392
6 397
6 411
6 429
6 431
6 439
6 444
6 465
6 471
6 484
6 497
6 502
6 504
6 516
6 517
6 535
6 544
6 548
6 551
6 555
6 568
6 580
6 582
6 583
6 611
6 617
6 623
6 652
6 682
7 2
7 3
7 5
7 6
7 8
7 42
7 54
7 79
7 92
7 154
7 177
7 178
7 179
7 188
7 198
7 201
7 223
7 226
7 232
7 237
7 248
7 251
7 253
7 264
7 273
7 274
7 277
7 286
7 287
7 306
7 314
7 315
7 317
7 322
7 325
7 329
7 337
7 344
7 397
7 398
7 399
7 405
7 409
7 421
7 426
7 431
7 436
7 446
7 454
7 457
7 464
7 465
7 475
7 498
7 524
7 530
7 534
7 547
7 553
7 561
7 570
7 586
7 588
7 601
7 611
7 630
7 631
7 636
7 650
7 674
7 683
7 699
8 5
8 6
8 12
8 23
8 36
8 37
8 47
8 59
8 64
8 77
8 82
8 84
8 90
8 91
8 97
8 98
8 102
8 117
8 119
8 122
8 124
8 128
8 141
8 146
8 157
8 175
8 181
8 192
8 199
8 203
8 211
8 213
8 215
8 221
8 224
8 227
8 244
8 245
8 264
8 285
8 287
8 291
8 305
8 318
8 330
8 332
8 337
8 338
8 344
8 356
8 362
8 379
8 388
8 391
8 392
8 416
8 428
8 438
8 444
8 455
8 466
8 476
8 477
8 494
8 516
8 521
8 526
8 531
8 532
8 536
8 549
8 555
8 560
8 575
8 583
8 585
8 589
8 593
8 604
8 616
8 628
8 631
8 648
8 651
8 658
8 667
8 671
8 676
9 3
9 24
9 42
9 52
9 92
9 96
9 97
9 101
9 124
9 142
9 159
9 165
9 173
9 180
9 193
9 205
9 210
9 250
9 261
9 267
9 273
9 291
9 311
9 344
9 350
9 351
9 353
9 358
9 360
9 362
9 365
9 371
9 381
9 385
9 403
9 407
9 411
9 441
9 468
9 469
9 491
9 494
9 497
9 511
9 513
9 531
9 546
9 561
9 562
9 569
9 570
9 597
9 599
9 600
9 618
9 622
9 623
9 635
9 639
9 641
9 647
9 648
9 654
9 673
9 675
9 676
9 682
9 693
10 2
10 3
10 53
10 67
10 76
10 78
10 101
10 111
10 121
10 122
10 128
10 130
10 133
10 139
10 160
10 162
10 166
10 171
10 187
10 188
10 200
10 204
10 222
10 251
10 260
10 262
10 271
10 275
10 276
10 281
10 282
10 298
10 314
10 324
10 328
10 342
10 360
10 371
10 389
10 398
10 427
10 430
10 450
10 453
10 458
10 459
10 470
10 486
10 489
10 520
10 521
10 540
10 542
10 550
10 552
10 564
10 567
10 584
10 605
10 606
10 611
10 617
10 657
10 665
10 681
10 691
11 5
11 12
11 31
11 37
11 49
11 51
11 61
11 64
11 85
11 89
11 102
11 113
11 114
11 115
11 131
11 140
11 141
11 145
11 151
11 157
11 161
11 184
11 187
11 194
11 201
11 202
11 208
11 213
11 216
11 226
11 230
11 235
11 262
11 279
11 291
11 295
11 305
11 307
11 315
11 323
11 324
11 329
11 331
11 341
11 344
11 350
11 378
11 382
11 393
11 421
11 424
11 430
11 436
11 464
11 481
11 488
11 495
11 518
11 522
11 546
11 549
11 552
11 560
11 562
11 569
11 574
11 577
11 581
11 589
11 594
11 640
11 650
11 655
11 657
11 658
11 668
11 669
11 670
11 689
11 690
11 695
11 697
11 700
12 19
12 51
12 65
12 79
12 84
12 94
12 99
12 114
12 120
12 121
12 123
12 134
12 138
12 147
12 149
12 169
12 193
12 211
12 212
12 223
12 226
12 237
12 258
12 312
12 327
12 328
12 334
12 349
12 353
12 362
12 392
12 395
12 411
12 415
12 420
12 422
12 425
12 429
12 437
12 438
12 445
12 455
12 458
12 466
12 496
12 510
12 514
12 560
12 564
12 568
12 569
12 573
12 583
12 584
12 592
12 595
12 633
12 649
12 662
12 675
12 682
12 693
13 2
13 8
13 25
13 26
13 31
13 54
13 66
13 125
13 131
13 143
13 144
13 156
13 175
13 179
13 190
13 192
13 193
13 196
13 199
13 205
13 206
13 244
13 265
13 281
13 282
13 294
13 297
13 304
13 318
13 321
13 331
13 335
13 353
13 361
13 362
13 366
13 392
13 396
13 404
13 412
13 418
13 438
13 443
13 448
13 460
13 463
13 474
13 486
13 491
13 493
13 495
13 506
13 516
13 520
13 525
13 526
13 534
13 541
13 545
13 547
13 561
13 582
13 585
13 600
13 620
13 627
13 631
13 645
13 646
13 650
13 662
13 688
13 695
14 10
14 26
14 35
14 39
14 48
14 49
14 57
14 61
14 73
14 77
14 79
14 84
14 85
14 90
14 97
14 112
14 126
14 144
14 162
14 171
14 177
14 190
14 216
14 224
14 229
14 230
14 235
14 237
14 254
14 261
14 273
14 283
14 295
14 305
14 307
14 319
14 328
14 334
14 351
14 382
14 385
14 390
14 407
14 443
14 448
14 458
14 471
14 479
14 481
14 482
14 484
14 504
14 506
14 517
14 523
14 530
14 546
14 555
14 566
14 582
14 586
14 589
14 608
14 626
14 630
14 639
14 643
14 644
14 649
14 656
14 657
14 669
15 3
15 5
15 12
15 24
15 34
15 55
15 78
15 79
15 97
15 105
15 136
15 138
15 142
15 166
15 190
15 213
15 219
15 221
15 240
15 244
15 250
15 253
15 254
15 263
15 284
15 303
15 327
15 345
15 358
15 375
15 393
15 394
15 397
15 406
15 413
15 414
15 432
15 439
15 473
15 492
15 498
15 507
15 516
15 523
15 529
15 536
15 541
15 549
15 560
15 562
15 563
15 567
15 625
15 633
15 636
15 640
15 642
15 647
15 649
15 650
15 651
15 652
15 662
15 669
15 672
15 680
15 686
15 687
15 694
15 696
15 698
16 17
16 19
16 31
16 36
16 72
16 73
16 82
16 83
16 95
16 104
16 113
16 124
16 148
16 156
16 158
16 167
16 187
16 205
16 210
16 214
16 275
16 308
16 316
16 317
16 329
16 339
16 377
16 383
16 398
16 418
16 436
16 448
16 459
16 465
16 486
16 493
16 494
16 497
16 520
16 532
16 542
16 566
16 569
16 570
16 574
16 575
16 593
16 603
16 608
16 618
16 621
16 639
16 652
16 660
16 679
16 682
16 683
16 696
17 10
17 37
17 43
17 45
17 62
17 84
17 90
17 134
17 143
17 153
17 157
17 171
17 180
17 183
17 188
17 200
17 209
17 211
17 222
17 252
17 268
17 273
17 276
17 283
17 292
17 295
17 296
17 304
17 324
17 344
17 354
17 369
17 390
17 391
17 400
17 405
17 416
17 419
17 432
17 441
17 442
17 445
17 468
17 475
17 489
17 498
17 503
17 522
17 548
17 553
17 563
17 564
17 567
17 569
17 578
17 591
17 598
17 599
17 609
17 614
17 621
17 644
17 646
17 649
17 662
17 685
17 691
18 21
18 25
18 38
18 43
18 49
18 51
18 57
18 61
18 65
18 67
18 76
18 80
18 81
18 82
18 94
18 99
18 108
18 120
18 136
18 138
18 140
18 149
18 156
18 157
18 164
18 165
18 169
18 171
18 180
18 187
18 188
18 194
18 199
18 210
18 227
18 239
18 255
18 265
18 299
18 302
18 305
18 309
18 339
18 348
18 349
18 356
18 358
18 359
18 372
18 379
18 389
18 395
18 403
18 407
18 427
18 437
18 440
18 449
18 461
18 473
18 474
18 516
18 522
18 561
18 563
18 582
18 587
18 591
18 592
18 597
18 602
18 611
18 628
18 631
18 636
18 637
18 639
18 650
18 659
18 679
18 680
18 687
18 693
19 27
19 30
19 36
19 42
19 56
19 57
19 71
19 72
19 77
19 92
19 97
19 121
19 132
19 143
19 177
19 193
19 210
19 211
19 212
19 216
19 221
19 231
19 235
19 264
19 280
19 307
19 310
19 315
19 321
19 349
19 356
19 359
19 369
19 404
19 431
19 439
19 463
19 466
19 481
19 498
19 540
19 549
19 560
19 568
19 575
19 577
19 582
19 591
19 605
19 606
19 629
19 644
19 659
19 661
19 664
19 667
19 674
19 675
19 681
20 6
20 30
20 39
20 56
20 93
20 122
20 139
20 165
20 170
20 171
20 186
20 201
20 206
20 209
20 239
20 247
20 251
20 285
20 293
20 331
20 346
20 371
20 377
20 388
20 402
20 419
20 420
20 437
20 453
Loss 0 0 0 0 0 0 0 0 0 74 0 0 0 0 0 98 53 0 91 0 0 0 0 70 0 0 71 60 0 0 0 0 70 0 90 58 78 0 0 0 0 0 0 0 0 0 0 55 0 83 0 0 0 0 0 0 0 0 0 0 0 0 0 0 0 0 0 73 0 0 0 0 0 94 90 0 78 0 0 99 0 0 0 0 0 0 0 0 64 0 0 0 0 0 0 91 77 80 0 70 0 70 63 0 0 0 0 0 0 0 0 0 58 64 0 0 96 75 0 0 55 0 0 0 0 68 0 0 0 0 0 0 62 0 0 0 0 0 0 74 0 0 68 0 0 0 0 0 0 0 0 78 52 0 0 0 0 56 0 0 0 0 0 0 0 0 57 0 0 0 0 88 0 0 0 61 0 0 0 94 0 0 0 0 0 0 0 0 0 0 0 0 0 0 0 70 0 0 0 0 0 0 0 61 0 0 0 0 0 0 77 0 0 0 0 57 0 0 50 0 0 0 0 0 0 0 0 65 0 0 0 0 0 0 89 0 0 100 0 0 0 0 0 0 0 0 0 0 0 0 98 0 0 0 0 0 0 0 0 0 0 0 0 0 0 0 0 0 0 65 0 0 0 0 0 0 0 0 0 0 0 51 0 76 0 0 100 0 50 0 64 0 0 62 0 95 0 0 0 0 0 0 0 0 0 0 0 0 0 0 0 0 0 0 0 0 0 0 94 0 0 78 0 93 0 0 0 0 92 0 0 0 0 0 0 0 0 0 0 0 0 0 0 0 0 0 0 0 0 0 89 0 0 0 0 0 0 0 83 91 0 0 0 0 0 0 0 72 0 0 0 0 0 70 57 0 0 90 0 0 0 0 0 0 73 0 74 80 0 0 0 98 0 0 0 0 95 63 0 56 0 0 0 0 0 0 0 0 0 0 63 0 0 0 0 0 0 78 0 0 0 0 0 0 0 0 0 0 0 0 0 0 0 69 76 0 0 0 0 0 0 0 0 0 68 0 0 0 0 0 76 0 0 0 0 0 0 0 0 0 0 0 0 0 0 0 0 0 0 0 0 0 0 0 0 0 95 0 0 0 0 0 0 0 0 0 0 0 0 0 0 0 0 0 0 97 0 0 0 75 0 0 0 82 0 0 0 0 0 0 67 0 0 93 0 59 0 0 73 80 71 0 0 85 0 0 0 0 0 82 0 0 0 0 0 0 0 0 0 0 0 0 59 0 61 0 0 0 0 0 0 0 0 78 0 0 67 0 88 0 0 0 0 0 93 0 0 0 0 0 0 0 0 0 0 99 0 0 0 0 0 0 0 63 0 0 0 0 0 0 0 72 0 0 0 0 55 0 0 0 0 0 0 73 75 67 0 0 94 0 0 0 0 0 0 0 0 0 73 0 0 0 0 0 0 0 0 78 0 0 0 0 0 0 0 0 60 0 0 0 0 0 0 0 89 0 0 0 0 0 0 0 0 0 0 0 0 0 0 0 0 98 0 0 82 0 0 0 0 82 0 0 77 0 0 0 0 0 0 0 0 0 0 0 0 0 0 0 0 0 0 67 0 84 59 0 0 0 0 0
