100 <--# of nodes, 200 edges
1 3
1 7
1 10
1 23
1 29
1 32
1 44
1 82
1 97
2 6
2 19
2 20
2 23
2 59
2 64
2 69
2 70
2 79
3 6
3 11
3 14
3 20
3 52
3 64
3 68
3 85
3 99
4 6
4 18
4 20
4 23
4 42
4 64
4 68
4 73
4 78
4 81
4 97
5 9
5 28
5 35
5 61
5 67
5 87
6 3
6 13
6 14
6 42
6 51
6 55
6 57
6 63
6 70
6 71
6 86
6 92
7 18
7 20
7 23
7 43
7 52
7 56
7 59
7 60
7 79
7 87
8 3
8 19
8 22
8 33
8 35
8 37
8 40
8 48
8 57
8 61
8 68
8 76
8 84
8 90
9 4
9 11
9 16
9 20
9 29
9 31
9 32
9 35
9 56
9 67
9 91
9 92
9 93
10 1
10 2
10 3
10 15
10 22
10 23
10 26
10 41
10 48
10 73
10 75
10 84
10 88
10 92
10 96
11 14
11 16
11 57
11 58
11 71
11 73
11 75
11 82
11 83
11 91
11 95
12 11
12 20
12 31
12 52
12 67
13 12
13 15
13 22
13 33
13 41
13 42
13 48
13 56
13 62
13 77
13 85
13 93
13 94
13 95
13 97
14 26
14 48
14 53
14 86
14 94
15 6
15 8
15 16
15 17
15 22
15 27
15 28
15 29
15 39
15 42
15 45
15 51
15 54
15 64
15 76
15 78
15 81
15 87
16 5
16 27
16 28
16 38
16 40
16 57
16 73
17 5
17 11
17 13
17 18
17 20
17 22
17 49
17 55
17 62
17 69
17 75
17 78
17 85
17 93
17 95
18 10
18 58
18 67
18 71
19 1
19 2
19 4
19 8
19 32
19 39
19 43
19 54
19 82
19 93
20 1
20 5
Loss 0 0 72 0 95 0 0 0 0 0 0 0 0 90 0 72 0 0 0 86 0 0 0 0 0 0 0 0 0 0 75 0 0 0 60 94 84 0 82 0 89 0 0 0 0 0 95 0 0 0 78 0 0 58 0 0 0 0 0 0 0 0 0 0 63 0 0 0 0 0 0 0 85 0 0 0 52 0 68 0 0 0 0 0 0 0 0 0 71 0 0 0 0 0 0 72 0 81 64 0
