550 <--# of nodes, 1100 edges
1 13
1 14
1 24
1 33
1 45
1 58
1 60
1 64
1 69
1 77
1 78
1 86
1 90
1 91
1 103
1 113
1 117
1 121
1 135
1 147
1 161
1 173
1 177
1 195
1 205
1 217
1 230
1 260
1 271
1 274
1 298
1 310
1 320
1 327
1 330
1 338
1 345
1 351
1 356
1 361
1 371
1 377
1 382
1 393
1 398
1 401
1 403
1 427
1 465
1 466
1 469
1 471
1 482
1 485
1 496
1 497
1 506
1 510
1 512
1 522
1 540
2 6
2 48
2 49
2 59
2 60
2 67
2 85
2 90
2 100
2 102
2 114
2 118
2 136
2 143
2 166
2 171
2 192
2 206
2 207
2 224
2 226
2 234
2 244
2 262
2 299
2 310
2 322
2 333
2 339
2 365
2 378
2 387
2 390
2 391
2 416
2 426
2 432
2 448
2 453
2 456
2 459
2 462
2 464
2 467
2 469
2 495
2 507
2 511
2 524
3 13
3 34
3 64
3 78
3 84
3 106
3 110
3 123
3 125
3 127
3 131
3 134
3 151
3 154
3 155
3 161
3 172
3 191
3 205
3 207
3 216
3 222
3 232
3 239
3 243
3 252
3 254
3 261
3 279
3 292
3 293
3 295
3 298
3 300
3 306
3 349
3 372
3 379
3 388
3 390
3 398
3 433
3 436
3 451
3 476
3 500
3 509
3 514
3 516
3 525
3 543
4 22
4 45
4 52
4 57
4 66
4 74
4 81
4 97
4 99
4 108
4 109
4 113
4 137
4 154
4 171
4 213
4 220
4 226
4 234
4 248
4 252
4 260
4 293
4 300
4 309
4 320
4 334
4 340
4 351
4 355
4 362
4 363
4 370
4 375
4 380
4 426
4 440
4 442
4 450
4 464
4 466
4 467
4 473
4 479
4 491
4 499
4 500
4 509
4 516
4 530
4 542
4 549
4 550
5 11
5 30
5 36
5 53
5 67
5 80
5 86
5 117
5 120
5 123
5 132
5 139
5 144
5 173
5 174
5 191
5 199
5 200
5 201
5 204
5 212
5 218
5 239
5 247
5 248
5 250
5 258
5 276
5 277
5 311
5 322
5 355
5 361
5 364
5 371
5 375
5 377
5 393
5 400
5 401
5 415
5 417
5 429
5 452
5 459
5 481
5 487
5 511
5 513
5 516
5 523
5 546
6 27
6 29
6 30
6 35
6 37
6 44
6 53
6 86
6 92
6 101
6 102
6 107
6 112
6 118
6 121
6 133
6 142
6 143
6 152
6 153
6 157
6 176
6 182
6 197
6 198
6 201
6 203
6 212
6 213
6 218
6 229
6 234
6 265
6 273
6 280
6 326
6 353
6 355
6 363
6 365
6 370
6 390
6 395
6 398
6 405
6 411
6 413
6 415
6 419
6 428
6 441
6 451
6 455
6 459
6 482
6 486
6 503
6 511
6 528
6 532
6 543
6 549
7 6
7 11
7 40
7 41
7 66
7 67
7 70
7 77
7 80
7 118
7 119
7 129
7 134
7 143
7 151
7 155
7 163
7 169
7 170
7 202
7 210
7 228
7 258
7 274
7 280
7 293
7 297
7 300
7 319
7 352
7 361
7 369
7 375
7 426
7 427
7 435
7 443
7 448
7 450
7 451
7 465
7 487
7 503
7 511
7 518
7 525
7 539
8 21
8 24
8 26
8 39
8 44
8 60
8 64
8 68
8 87
8 88
8 92
8 106
8 117
8 135
8 139
8 141
8 147
8 174
8 178
8 179
8 181
8 185
8 186
8 189
8 191
8 199
8 205
8 212
8 213
8 222
8 251
8 260
8 266
8 278
8 285
8 287
8 303
8 305
8 306
8 314
8 336
8 348
8 360
8 369
8 381
8 386
8 393
8 402
8 415
8 416
8 418
8 435
8 442
8 447
8 452
8 453
8 458
8 464
8 476
8 487
8 489
8 510
8 519
8 541
8 542
8 550
9 2
9 7
9 21
9 26
9 27
9 34
9 45
9 67
9 78
9 83
9 89
9 124
9 139
9 140
9 158
9 179
9 218
9 223
9 224
9 230
9 232
9 237
9 242
9 256
9 259
9 263
9 276
9 277
9 296
9 304
9 330
9 352
9 354
9 362
9 380
9 400
9 407
9 411
9 414
9 427
9 436
9 437
9 444
9 451
9 465
9 477
9 483
9 492
9 502
9 514
10 4
10 47
10 54
10 61
10 66
10 76
10 78
10 89
10 93
10 94
10 97
10 100
10 122
10 124
10 134
10 135
10 142
10 149
10 168
10 180
10 199
10 201
10 205
10 217
10 220
10 227
10 228
10 233
10 237
10 240
10 257
10 268
10 270
10 275
10 282
10 283
10 296
10 316
10 328
10 330
10 331
10 344
10 345
10 351
10 354
10 366
10 368
10 388
10 395
10 423
10 435
10 450
10 473
10 476
10 480
10 484
10 513
10 515
10 520
10 532
10 536
11 10
11 22
11 33
11 55
11 61
11 70
11 100
11 132
11 137
11 144
11 161
11 173
11 180
11 184
11 187
11 195
11 212
11 234
11 235
11 244
11 264
11 268
11 286
11 287
11 289
11 296
11 303
11 316
11 319
11 321
11 328
11 344
11 368
11 371
11 379
11 407
11 410
11 426
11 435
11 441
11 448
11 450
11 455
11 457
11 460
11 461
11 465
11 468
11 483
11 524
12 11
12 30
12 37
12 44
12 54
12 55
12 60
12 76
12 92
12 98
12 119
12 137
12 143
12 149
12 159
12 173
12 188
12 194
12 196
12 216
12 217
12 226
12 236
12 239
12 264
12 269
12 300
12 304
12 308
12 310
12 321
12 331
12 365
12 374
12 379
12 384
12 386
12 409
12 416
12 419
12 448
12 454
12 466
12 476
12 490
12 492
12 508
12 509
12 518
12 534
12 535
12 541
12 545
13 2
13 10
13 20
13 27
13 28
13 45
13 54
13 56
13 60
13 81
13 91
13 99
13 104
13 107
13 144
13 168
13 183
13 200
13 206
13 211
13 232
13 233
13 234
13 243
13 263
13 266
13 276
13 281
13 285
13 289
13 301
13 305
13 347
13 349
13 360
13 375
13 376
13 382
13 403
13 424
13 439
13 452
13 460
13 483
13 484
13 485
13 490
13 515
13 520
13 521
13 522
13 533
13 544
14 10
14 13
14 29
14 31
14 35
14 53
14 62
14 71
14 87
14 96
14 98
14 101
14 102
14 111
14 119
14 126
14 137
14 148
14 174
14 175
14 189
14 193
14 214
14 232
14 234
14 235
14 242
14 253
14 259
14 262
14 263
14 267
14 310
14 314
14 321
14 328
14 331
14 336
14 382
14 385
14 395
14 396
14 402
14 403
14 408
14 411
14 423
14 428
14 433
14 461
14 481
14 503
14 510
14 531
14 538
14 550
15 16
15 40
15 41
15 42
15 57
15 76
15 131
15 132
15 144
15 157
15 191
15 195
15 200
15 209
15 235
15 236
15 249
15 253
15 271
15 275
15 283
15 284
15 286
15 290
15 302
15 314
15 321
15 327
15 335
15 345
15 354
15 361
15 369
15 385
15 386
15 387
15 389
15 401
15 418
15 425
15 433
15 442
15 443
15 444
15 452
15 455
15 456
15 474
15 478
15 488
15 491
15 495
15 507
15 519
15 532
15 536
15 547
15 548
15 549
16 9
16 24
16 37
16 38
16 39
16 40
16 76
16 78
16 98
16 103
16 114
16 116
16 143
16 151
16 171
16 193
16 203
16 211
16 213
16 214
16 221
16 231
16 239
16 263
16 264
16 284
16 293
16 300
16 314
16 318
16 320
16 322
16 358
16 379
16 412
16 413
16 415
16 420
16 436
16 440
16 455
16 486
16 495
16 498
16 518
16 540
16 544
16 546
16 547
17 3
17 7
17 8
17 10
17 12
17 14
17 25
17 40
17 43
17 51
17 52
17 59
17 64
17 75
17 100
17 104
17 121
17 127
17 128
17 139
17 148
17 150
17 171
17 180
17 186
17 188
17 201
17 204
17 205
17 213
17 224
17 227
17 230
17 243
17 250
17 274
17 276
17 294
17 298
17 299
17 304
17 324
17 345
17 405
17 407
17 412
17 437
17 468
17 469
17 484
17 497
17 508
17 509
17 513
17 525
17 527
17 542
17 543
17 549
18 19
18 25
18 27
18 49
18 56
18 93
18 107
18 126
18 128
18 159
18 162
18 194
18 205
18 214
18 218
18 230
18 231
18 273
18 274
18 282
18 296
18 317
18 318
18 326
18 335
18 355
18 364
18 372
18 388
18 390
18 395
18 399
18 411
18 420
18 435
18 442
18 445
18 453
18 457
18 468
18 479
18 487
18 522
18 535
18 537
18 546
19 4
19 16
19 30
19 31
19 35
19 36
19 45
19 47
19 48
19 65
19 82
19 116
19 124
19 137
19 140
19 159
19 171
19 176
19 181
19 183
19 185
19 194
19 201
19 212
19 226
19 236
19 239
19 246
19 250
19 251
19 261
19 271
19 282
19 285
19 288
19 295
19 298
19 313
19 326
19 332
19 352
19 354
19 359
19 391
19 394
19 407
19 416
19 421
19 424
19 428
19 429
19 433
19 434
19 451
19 455
19 470
19 493
19 497
19 501
19 518
19 539
19 540
20 6
20 7
20 9
20 33
20 42
20 52
20 58
20 61
20 62
20 81
20 96
20 97
20 98
20 112
20 132
20 134
20 143
20 163
20 165
20 175
20 180
20 198
20 199
20 201
20 210
20 212
20 217
20 221
20 241
20 242
20 244
20 264
20 280
20 283
20 284
20 290
20 311
20 316
20 317
20 318
20 321
20 333
20 336
20 339
20 352
20 373
20 374
20 378
20 382
20 391
20 403
20 421
20 454
20 467
20 470
20 471
20 472
20 487
20 489
20 502
20 511
Loss 0 0 81 0 0 0 100 0 52 82 0 0 0 0 54 0 0 59 0 0 0 0 0 0 0 0 0 0 0 0 68 56 0 0 0 0 95 0 0 0 58 0 0 0 86 92 0 0 0 0 0 0 0 0 0 0 60 0 67 0 0 0 0 0 0 78 0 0 92 0 0 0 94 0 0 0 70 0 0 0 0 0 0 0 0 0 0 0 0 0 0 64 0 0 0 0 0 0 0 80 0 0 84 0 0 70 0 96 0 0 0 0 0 0 0 0 94 0 0 0 0 0 0 0 0 0 67 0 0 0 91 90 81 0 99 60 95 84 0 0 79 0 0 0 0 94 0 0 0 0 89 0 0 0 55 68 0 0 67 0 0 0 58 72 68 0 0 0 0 0 65 0 81 0 0 95 0 0 0 0 0 0 89 0 0 0 55 0 0 0 0 0 0 0 0 0 0 0 0 0 74 0 0 0 0 0 88 0 0 0 55 0 0 0 0 0 0 0 0 0 0 0 0 87 0 0 0 0 0 0 0 79 0 69 0 0 62 0 0 0 0 75 95 0 0 0 0 0 78 0 0 0 65 0 0 0 0 0 0 0 0 0 0 0 0 0 0 0 0 0 85 68 86 0 0 0 83 0 0 0 0 0 0 0 80 0 0 0 0 0 0 0 0 0 54 61 0 0 54 99 0 0 0 0 0 0 0 0 0 0 56 0 0 0 0 0 0 0 84 0 0 54 0 67 0 0 0 63 0 0 0 0 0 0 87 95 67 0 0 0 0 0 0 0 98 0 0 0 0 0 0 0 0 98 0 0 0 0 0 0 0 0 61 0 0 0 0 52 0 75 0 0 0 0 88 0 0 0 0 0 61 0 0 0 0 96 0 0 0 0 0 75 0 0 0 74 0 0 0 84 0 0 78 0 0 0 0 0 0 0 90 0 0 0 0 0 0 91 75 0 0 0 68 0 0 0 0 0 0 0 0 0 0 0 73 0 0 0 0 0 0 93 0 0 68 0 0 0 0 85 0 0 0 0 0 0 0 81 0 0 0 0 0 0 59 66 0 0 86 0 0 0 93 93 0 0 77 0 50 0 86 0 0 63 0 0 0 0 76 0 69 0 0 67 51 0 82 0 0 0 0 0 0 0 0 0 0 0 0 0 0 63 0 0 0 63 0 0 0 0 76 64 0 0 0 0 0 0 0 0 92 0 84 0 0 0 0 92 0 0 0 0 0 0 0 0 0 0 0 0
