750 <--# of nodes, 1500 edges
1 2
1 42
1 44
1 54
1 59
1 69
1 72
1 93
1 114
1 122
1 131
1 132
1 137
1 157
1 173
1 176
1 184
1 195
1 197
1 202
1 208
1 214
1 229
1 259
1 266
1 289
1 311
1 317
1 326
1 355
1 361
1 424
1 434
1 439
1 447
1 467
1 483
1 495
1 509
1 515
1 518
1 520
1 524
1 529
1 535
1 536
1 552
1 553
1 555
1 561
1 582
1 583
1 594
1 595
1 597
1 598
1 606
1 637
1 643
1 652
1 660
1 671
1 675
1 680
1 689
1 697
1 698
1 713
1 721
1 728
1 734
1 745
2 12
2 40
2 41
2 47
2 50
2 54
2 56
2 59
2 66
2 98
2 110
2 124
2 164
2 172
2 178
2 181
2 200
2 210
2 211
2 212
2 225
2 226
2 237
2 240
2 244
2 254
2 270
2 284
2 294
2 299
2 301
2 302
2 309
2 334
2 343
2 357
2 364
2 379
2 408
2 413
2 435
2 460
2 484
2 489
2 492
2 514
2 516
2 538
2 560
2 597
2 598
2 601
2 611
2 616
2 618
2 635
2 639
2 640
2 650
2 651
2 669
2 688
2 708
2 715
2 716
2 736
2 737
2 750
3 6
3 17
3 18
3 36
3 46
3 47
3 56
3 70
3 78
3 85
3 87
3 96
3 101
3 102
3 109
3 119
3 154
3 160
3 161
3 172
3 179
3 189
3 193
3 200
3 208
3 209
3 225
3 257
3 264
3 276
3 278
3 279
3 285
3 289
3 297
3 301
3 310
3 313
3 317
3 325
3 329
3 341
3 349
3 370
3 385
3 395
3 415
3 422
3 457
3 461
3 464
3 482
3 485
3 526
3 536
3 538
3 542
3 561
3 565
3 571
3 575
3 577
3 591
3 597
3 604
3 607
3 608
3 626
3 660
3 707
3 710
3 711
3 718
3 734
3 737
3 742
3 744
4 20
4 31
4 34
4 39
4 63
4 76
4 77
4 85
4 86
4 87
4 93
4 108
4 115
4 120
4 139
4 167
4 179
4 196
4 201
4 221
4 225
4 239
4 253
4 256
4 264
4 272
4 300
4 312
4 317
4 330
4 331
4 335
4 341
4 358
4 362
4 363
4 371
4 375
4 377
4 395
4 413
4 424
4 433
4 444
4 445
4 446
4 452
4 463
4 480
4 498
4 508
4 524
4 535
4 539
4 544
4 576
4 584
4 585
4 587
4 588
4 597
4 607
4 626
4 644
4 648
4 650
4 662
4 666
4 679
4 685
4 709
4 712
4 716
4 720
4 722
4 727
4 728
4 740
4 750
5 4
5 14
5 18
5 20
5 42
5 43
5 50
5 51
5 61
5 64
5 70
5 88
5 110
5 121
5 171
5 172
5 191
5 193
5 195
5 209
5 225
5 233
5 245
5 250
5 261
5 268
5 271
5 278
5 283
5 285
5 334
5 350
5 356
5 363
5 367
5 375
5 389
5 412
5 425
5 443
5 447
5 454
5 459
5 460
5 480
5 502
5 519
5 535
5 545
5 564
5 565
5 579
5 596
5 610
5 620
5 621
5 623
5 632
5 677
5 681
5 696
5 700
5 703
5 707
5 715
5 721
5 724
5 742
5 743
6 16
6 33
6 41
6 43
6 55
6 59
6 86
6 103
6 111
6 124
6 128
6 136
6 144
6 157
6 158
6 165
6 167
6 179
6 184
6 207
6 212
6 235
6 254
6 265
6 283
6 299
6 302
6 315
6 332
6 342
6 345
6 351
6 358
6 367
6 382
6 392
6 398
6 411
6 419
6 438
6 453
6 460
6 462
6 463
6 468
6 471
6 472
6 473
6 478
6 487
6 493
6 503
6 507
6 522
6 541
6 549
6 560
6 563
6 579
6 584
6 587
6 600
6 624
6 647
6 649
6 650
6 661
6 679
6 685
6 706
6 712
6 720
6 723
6 724
6 742
7 18
7 21
7 50
7 55
7 74
7 86
7 88
7 105
7 108
7 125
7 130
7 136
7 137
7 143
7 146
7 148
7 164
7 169
7 176
7 177
7 183
7 185
7 201
7 215
7 221
7 222
7 223
7 230
7 234
7 236
7 249
7 250
7 252
7 261
7 270
7 272
7 300
7 305
7 315
7 328
7 332
7 337
7 345
7 347
7 352
7 354
7 362
7 365
7 381
7 401
7 408
7 426
7 428
7 437
7 448
7 453
7 454
7 457
7 468
7 479
7 490
7 496
7 513
7 521
7 528
7 541
7 545
7 555
7 559
7 593
7 597
7 607
7 620
7 625
7 626
7 627
7 628
7 647
7 658
7 672
7 674
7 682
7 684
7 693
7 694
7 697
7 702
7 703
7 705
7 707
7 709
7 718
7 735
8 4
8 5
8 13
8 37
8 46
8 49
8 67
8 81
8 90
8 101
8 125
8 138
8 154
8 162
8 172
8 179
8 184
8 185
8 195
8 199
8 203
8 204
8 222
8 231
8 275
8 286
8 294
8 304
8 310
8 314
8 323
8 333
8 345
8 352
8 355
8 358
8 382
8 400
8 413
8 446
8 454
8 465
8 472
8 478
8 482
8 485
8 487
8 489
8 495
8 508
8 509
8 510
8 521
8 522
8 531
8 532
8 561
8 571
8 604
8 613
8 621
8 627
8 635
8 642
8 649
8 656
8 675
8 679
8 681
8 694
8 696
8 699
8 702
8 712
8 714
8 717
8 727
8 728
8 729
8 735
8 750
9 6
9 11
9 13
9 26
9 35
9 49
9 51
9 77
9 78
9 94
9 116
9 126
9 127
9 130
9 136
9 147
9 154
9 176
9 181
9 190
9 192
9 201
9 246
9 258
9 267
9 282
9 285
9 287
9 290
9 291
9 296
9 298
9 303
9 334
9 337
9 341
9 354
9 361
9 362
9 372
9 391
9 411
9 426
9 449
9 450
9 451
9 453
9 459
9 473
9 493
9 525
9 531
9 556
9 564
9 568
9 573
9 591
9 601
9 604
9 656
9 661
9 668
9 672
9 676
9 686
9 689
9 690
9 703
9 724
9 733
9 743
10 6
10 8
10 14
10 19
10 34
10 36
10 40
10 59
10 77
10 88
10 98
10 108
10 114
10 123
10 130
10 138
10 147
10 184
10 201
10 229
10 231
10 239
10 258
10 260
10 264
10 279
10 298
10 318
10 319
10 333
10 346
10 351
10 354
10 374
10 379
10 383
10 389
10 390
10 407
10 415
10 420
10 424
10 444
10 451
10 454
10 460
10 471
10 496
10 511
10 517
10 520
10 525
10 537
10 550
10 554
10 558
10 569
10 578
10 591
10 595
10 596
10 597
10 602
10 604
10 611
10 617
10 622
10 637
10 653
10 662
10 696
10 717
10 743
11 38
11 42
11 50
11 53
11 54
11 57
11 59
11 70
11 81
11 83
11 86
11 89
11 102
11 106
11 113
11 119
11 133
11 134
11 137
11 155
11 160
11 165
11 167
11 180
11 183
11 188
11 192
11 205
11 217
11 230
11 236
11 251
11 271
11 272
11 292
11 305
11 323
11 326
11 339
11 360
11 363
11 373
11 393
11 411
11 420
11 424
11 433
11 434
11 445
11 450
11 457
11 461
11 482
11 496
11 497
11 504
11 505
11 513
11 518
11 531
11 532
11 537
11 543
11 557
11 559
11 573
11 578
11 585
11 595
11 614
11 632
11 633
11 647
11 656
11 662
11 669
11 674
11 692
11 708
11 713
11 717
11 736
11 737
12 2
12 15
12 23
12 32
12 47
12 51
12 67
12 74
12 80
12 95
12 115
12 116
12 118
12 142
12 148
12 176
12 200
12 234
12 236
12 253
12 260
12 263
12 290
12 296
12 303
12 306
12 308
12 315
12 319
12 322
12 324
12 351
12 360
12 361
12 374
12 383
12 407
12 422
12 432
12 457
12 471
12 477
12 489
12 494
12 498
12 513
12 528
12 546
12 551
12 563
12 578
12 582
12 587
12 589
12 599
12 604
12 629
12 640
12 644
12 652
12 653
12 664
12 673
12 675
12 678
12 681
12 687
12 689
12 693
12 709
12 710
12 741
12 748
13 4
13 11
13 30
13 57
13 66
13 83
13 123
13 126
13 130
13 137
13 145
13 150
13 172
13 174
13 184
13 191
13 197
13 199
13 207
13 216
13 234
13 235
13 249
13 253
13 262
13 266
13 281
13 283
13 295
13 298
13 317
13 320
13 325
13 351
13 357
13 359
13 368
13 373
13 378
13 383
13 391
13 393
13 403
13 408
13 411
13 412
13 439
13 440
13 451
13 458
13 475
13 482
13 495
13 507
13 513
13 526
13 565
13 577
13 584
13 610
13 614
13 657
13 666
13 667
13 672
13 674
13 682
13 685
13 700
13 708
13 718
13 719
13 735
13 740
13 743
14 1
14 2
14 4
14 28
14 56
14 63
14 83
14 87
14 90
14 114
14 117
14 122
14 128
14 137
14 169
14 175
14 183
14 198
14 199
14 200
14 208
14 214
14 224
14 229
14 239
14 245
14 256
14 260
14 261
14 272
14 279
14 283
14 287
14 304
14 319
14 334
14 348
14 351
14 354
14 357
14 374
14 375
14 376
14 383
14 408
14 421
14 431
14 440
14 452
14 470
14 494
14 495
14 513
14 516
14 532
14 553
14 559
14 570
14 572
14 574
14 583
14 600
14 604
14 632
14 642
14 646
14 647
14 649
14 672
14 696
14 704
14 711
14 717
14 718
14 721
14 750
15 14
15 26
15 32
15 39
15 48
15 53
15 75
15 79
15 87
15 103
15 130
15 141
15 145
15 155
15 175
15 191
15 199
15 210
15 212
15 225
15 229
15 232
15 240
15 248
15 284
15 285
15 292
15 300
15 307
15 308
15 314
15 319
15 343
15 347
15 355
15 376
15 387
15 399
15 405
15 406
15 430
15 431
15 438
15 445
15 449
15 453
15 454
15 469
15 474
15 483
15 492
15 493
15 496
15 497
15 512
15 537
15 543
15 550
15 559
15 572
15 578
15 582
15 613
15 628
15 629
15 635
15 643
15 647
15 660
15 664
15 667
15 670
15 715
15 733
15 739
16 14
16 20
16 22
16 25
16 32
16 34
16 51
16 52
16 54
16 67
16 87
16 93
16 102
16 108
16 111
16 112
16 116
16 127
16 128
16 130
16 139
16 142
16 153
16 154
16 157
16 159
16 169
16 183
16 186
16 201
16 205
16 209
16 237
16 243
16 244
16 245
16 263
16 289
16 293
16 297
16 320
16 343
16 345
16 393
16 433
16 435
16 439
16 462
16 492
16 495
16 497
16 519
16 521
16 535
16 551
16 565
16 575
16 599
16 614
16 628
16 656
16 681
16 682
16 687
16 723
16 731
17 7
17 14
17 16
17 18
17 24
17 31
17 35
17 46
17 51
17 62
17 73
17 75
17 81
17 87
17 97
17 100
17 106
17 109
17 118
17 127
17 129
17 167
17 196
17 198
17 218
17 221
17 224
17 239
17 260
17 274
17 277
17 284
17 302
17 312
17 313
17 324
17 327
17 341
17 342
17 348
17 370
17 375
17 377
17 400
17 411
17 425
17 438
17 440
17 455
17 476
17 479
17 482
17 495
17 499
17 516
17 519
17 524
17 525
17 532
17 547
17 558
17 572
17 583
17 589
17 593
17 596
17 597
17 603
17 604
17 612
17 614
17 629
17 644
17 672
17 679
17 690
17 709
17 714
17 725
17 738
17 740
17 747
17 748
17 750
18 8
18 11
18 27
18 47
18 54
18 69
18 71
18 81
18 84
18 91
18 106
18 110
18 112
18 156
18 164
18 200
18 209
18 233
18 255
18 259
18 261
18 269
18 279
18 294
18 295
18 306
18 312
18 313
18 318
18 319
18 328
18 331
18 333
18 335
18 337
18 342
18 343
18 352
18 364
18 367
18 372
18 380
18 413
18 431
18 436
18 447
18 459
18 490
18 496
18 508
18 511
18 513
18 530
18 531
18 541
18 547
18 563
18 577
18 604
18 613
18 623
18 633
18 659
18 666
18 669
18 676
18 690
18 702
18 741
18 743
18 744
19 5
19 14
19 17
19 21
19 36
19 47
19 55
19 64
19 66
19 93
19 95
19 117
19 135
19 138
19 144
19 149
19 166
19 180
19 198
19 206
19 210
19 224
19 256
19 288
19 294
19 319
19 320
19 334
19 341
19 347
19 363
19 372
19 373
19 385
19 411
19 440
19 457
19 458
19 467
19 486
19 487
19 493
19 501
19 511
19 514
19 515
19 539
19 540
19 543
19 573
19 595
19 616
19 664
19 671
19 679
19 680
19 689
19 703
19 710
19 715
19 717
19 742
20 3
20 30
20 40
20 42
20 52
20 88
20 100
20 115
20 116
20 122
20 129
20 133
20 158
20 160
20 163
20 164
20 165
20 184
20 185
20 213
20 216
20 219
20 235
20 241
20 262
20 273
20 289
20 292
20 312
20 314
20 327
20 328
20 340
20 350
20 365
20 368
20 375
20 385
20 405
20 449
20 456
20 457
20 469
20 470
20 480
20 481
20 492
20 499
20 504
20 505
20 529
20 530
20 534
20 540
20 547
20 563
20 596
20 605
20 606
20 615
20 621
20 636
20 638
20 644
20 657
20 661
20 673
20 684
20 695
20 701
20 708
20 718
20 727
20 735
20 738
21 1
21 14
Loss 0 0 0 0 0 0 0 0 0 86 0 0 0 0 0 0 0 0 0 0 0 0 0 0 0 0 62 0 0 50 0 0 81 0 0 83 0 0 0 0 0 0 0 0 0 97 0 0 0 0 87 0 88 0 0 0 0 0 0 61 0 0 0 0 0 0 59 0 0 0 0 0 0 82 0 89 0 0 0 0 0 0 0 0 0 0 0 0 0 0 0 0 0 0 0 0 0 74 0 0 0 0 0 75 0 0 58 0 51 0 0 0 88 0 0 0 0 0 0 0 0 98 0 99 80 57 0 0 0 0 0 0 0 0 0 0 0 52 76 0 0 0 0 0 0 77 80 0 78 0 99 0 85 0 0 70 0 0 0 0 56 0 75 0 98 0 0 82 97 0 0 0 0 0 0 0 0 0 0 65 0 0 65 0 54 0 0 58 0 0 0 98 0 60 93 0 91 74 0 0 0 0 0 0 0 0 74 0 0 0 53 0 0 0 0 0 69 0 0 51 0 0 59 0 59 0 0 0 0 64 0 0 0 0 0 52 0 64 0 56 0 0 0 0 0 93 0 0 0 0 0 0 0 0 0 0 0 0 0 0 0 0 0 0 89 0 0 0 0 0 0 0 0 0 0 0 0 0 92 0 0 0 0 74 0 0 0 0 0 58 0 0 86 0 0 0 0 79 0 0 0 0 0 0 66 0 0 0 0 0 0 72 0 0 0 0 78 0 74 80 0 0 0 0 0 0 0 0 0 0 0 58 0 0 0 0 0 0 0 61 0 70 0 0 0 94 0 0 0 0 57 0 0 100 0 92 0 0 0 0 0 0 0 0 0 0 0 0 0 0 0 0 0 74 0 0 0 71 0 0 0 0 0 0 0 0 59 0 0 0 0 60 96 0 0 0 0 0 0 0 0 0 79 0 0 0 0 0 0 0 0 0 83 0 0 91 0 52 0 0 65 0 0 0 0 0 0 0 0 74 0 0 0 77 0 0 0 0 0 0 0 0 79 0 0 0 0 0 0 0 0 0 0 0 0 0 0 86 0 52 0 0 0 0 87 0 0 0 88 0 0 0 0 0 0 0 0 0 0 58 0 0 0 0 0 0 0 0 78 55 0 0 0 0 0 0 82 0 0 66 0 0 52 0 0 0 57 68 0 0 94 0 66 0 0 89 0 0 0 0 0 0 0 70 0 0 0 0 0 0 0 0 0 0 0 0 0 0 0 63 0 0 0 0 83 0 0 0 0 68 0 0 0 0 0 0 0 0 0 0 56 0 0 0 96 57 56 0 0 51 0 100 0 0 97 0 0 85 0 0 0 0 0 61 0 0 0 0 0 0 65 0 0 0 57 0 64 95 0 0 71 0 0 0 0 0 0 0 0 0 0 0 0 0 0 0 0 0 71 0 60 0 71 0 0 0 0 0 0 0 0 0 0 0 0 94 71 0 0 0 53 0 0 0 0 0 0 0 0 75 0 0 0 0 0 0 52 0 0 0 0 0 0 0 0 0 0 0 0 0 98 0 0 87 0 0 84 0 0 60 0 97 0 0 0 54 61 0 0 0 0 98 0 0 57 0 0 0 0 0 0 0 0 0 0 0 0 65 0 95 0 0 92 0 0 0 78 0 0 91 0 0 79 0 0 0 0 0 0 0 0 0 0 0 0 0 0 0 62 69 60 73 91 0 65 89 0 0 0 55
