150 <--# of nodes, 300 edges
1 14
1 22
1 26
1 28
1 31
1 32
1 35
1 42
1 78
1 92
1 105
1 111
1 112
1 145
1 150
2 15
2 35
2 53
2 60
2 66
2 74
2 79
2 96
2 103
2 114
2 117
2 118
2 122
2 127
2 133
2 135
2 137
2 141
2 150
3 20
3 45
3 48
3 52
3 74
3 80
3 87
3 94
3 104
3 118
3 128
3 133
3 140
3 147
4 10
4 26
4 37
4 60
4 62
4 75
4 86
4 89
4 96
4 107
4 128
4 137
4 143
4 150
5 19
5 23
5 27
5 32
5 43
5 54
5 65
5 72
5 75
5 80
5 83
5 86
5 87
5 91
5 98
5 99
5 107
5 119
6 20
6 23
6 28
6 53
6 63
6 94
6 107
6 112
6 132
6 139
6 143
6 146
7 70
7 100
7 107
7 108
7 139
7 140
8 2
8 13
8 14
8 21
8 25
8 31
8 32
8 35
8 49
8 68
8 73
8 80
8 84
8 98
8 122
9 2
9 4
9 19
9 27
9 32
9 45
9 67
9 74
9 80
9 81
9 89
9 94
9 104
9 108
9 118
9 120
9 121
9 124
9 126
9 131
9 133
9 137
9 145
10 4
10 26
10 30
10 35
10 41
10 54
10 65
10 68
10 74
10 82
10 92
10 124
10 126
10 131
10 141
10 147
11 27
11 43
11 46
11 72
11 85
11 98
11 122
11 138
11 140
11 150
12 5
12 9
12 11
12 13
12 29
12 42
12 49
12 57
12 66
12 83
12 85
12 86
12 99
12 101
12 108
12 121
12 125
12 140
12 142
12 149
13 2
13 12
13 23
13 45
13 63
13 67
13 68
13 75
13 106
13 108
13 131
13 139
14 17
14 27
14 33
14 35
14 51
14 94
15 12
15 14
15 16
15 42
15 59
15 65
15 66
15 72
15 73
15 75
15 79
15 81
15 87
15 98
15 103
15 115
15 125
15 132
15 147
16 15
16 55
16 75
16 93
16 98
16 108
16 114
16 116
16 118
16 119
16 122
16 144
16 145
17 1
17 15
17 22
17 40
17 61
17 93
17 98
17 100
17 111
17 112
17 113
17 116
17 119
17 127
17 150
18 7
18 42
18 43
18 50
18 54
18 63
18 85
18 94
18 107
18 118
18 119
18 126
18 127
18 133
18 141
19 4
19 22
19 24
19 37
19 38
19 40
19 44
19 48
19 61
19 72
19 93
19 100
19 122
19 124
19 135
19 140
19 142
20 6
20 13
20 22
20 31
20 36
20 45
20 55
20 62
20 75
20 77
20 81
20 83
20 89
20 91
20 96
20 98
20 104
20 106
20 109
20 112
20 124
Loss 0 0 0 0 92 0 56 0 90 0 0 0 0 0 97 0 74 0 0 0 0 0 76 0 0 0 0 68 0 0 94 0 0 0 0 0 0 0 0 0 0 59 0 0 0 0 0 0 0 0 0 0 0 0 0 91 0 0 0 0 0 0 62 0 0 74 0 98 92 0 0 92 0 0 0 0 64 91 0 0 0 0 0 0 0 0 98 52 0 0 0 0 0 0 0 0 0 0 91 0 0 0 0 0 0 84 85 0 0 0 0 59 0 0 0 0 59 0 0 0 0 0 0 0 0 0 0 0 0 0 60 68 0 0 0 0 0 0 0 0 59 55 0 0 0 0 0 0 0 0
