600 <--# of nodes, 1200 edges
1 23
1 34
1 47
1 54
1 68
1 97
1 98
1 108
1 111
1 117
1 143
1 153
1 160
1 184
1 199
1 205
1 214
1 223
1 231
1 260
1 263
1 270
1 279
1 311
1 313
1 317
1 334
1 380
1 383
1 384
1 389
1 393
1 407
1 409
1 416
1 418
1 451
1 457
1 465
1 467
1 477
1 484
1 495
1 499
1 504
1 529
1 533
1 536
1 544
1 558
1 559
2 8
2 29
2 35
2 39
2 53
2 55
2 67
2 86
2 88
2 121
2 125
2 127
2 134
2 140
2 147
2 152
2 162
2 167
2 171
2 173
2 208
2 214
2 218
2 219
2 221
2 223
2 229
2 234
2 245
2 247
2 264
2 279
2 287
2 297
2 301
2 303
2 323
2 330
2 356
2 359
2 376
2 389
2 398
2 402
2 415
2 436
2 446
2 448
2 470
2 474
2 477
2 519
2 527
2 553
2 559
2 560
2 565
3 8
3 17
3 18
3 28
3 29
3 30
3 35
3 60
3 76
3 96
3 111
3 135
3 143
3 147
3 169
3 182
3 192
3 201
3 215
3 217
3 221
3 226
3 230
3 235
3 243
3 254
3 272
3 275
3 287
3 294
3 308
3 309
3 316
3 318
3 320
3 330
3 343
3 347
3 362
3 376
3 382
3 386
3 409
3 423
3 427
3 446
3 464
3 482
3 488
3 501
3 511
3 523
3 547
3 554
3 566
4 12
4 13
4 27
4 31
4 45
4 97
4 101
4 131
4 139
4 145
4 158
4 161
4 170
4 181
4 182
4 197
4 225
4 226
4 235
4 237
4 238
4 264
4 270
4 281
4 288
4 292
4 307
4 314
4 316
4 318
4 324
4 326
4 332
4 352
4 368
4 374
4 382
4 392
4 406
4 407
4 409
4 420
4 423
4 451
4 452
4 466
4 483
4 535
4 543
4 544
4 545
4 557
4 562
4 571
4 572
4 580
4 583
4 587
4 592
4 596
4 599
5 1
5 14
5 18
5 48
5 52
5 64
5 78
5 91
5 107
5 115
5 124
5 128
5 139
5 144
5 149
5 159
5 160
5 171
5 172
5 176
5 180
5 181
5 186
5 193
5 198
5 205
5 247
5 256
5 274
5 292
5 305
5 309
5 326
5 334
5 340
5 344
5 358
5 365
5 390
5 399
5 402
5 407
5 409
5 417
5 436
5 478
5 493
5 496
5 501
5 502
5 512
5 535
5 550
5 551
5 561
6 4
6 7
6 11
6 35
6 47
6 50
6 58
6 63
6 76
6 94
6 95
6 105
6 141
6 144
6 148
6 149
6 157
6 169
6 183
6 184
6 193
6 218
6 246
6 252
6 256
6 259
6 261
6 266
6 289
6 302
6 316
6 338
6 341
6 353
6 382
6 384
6 388
6 398
6 399
6 411
6 419
6 467
6 476
6 478
6 488
6 492
6 508
6 520
6 529
6 530
6 552
6 554
6 557
6 562
6 574
6 576
6 598
7 4
7 9
7 21
7 25
7 26
7 43
7 48
7 62
7 70
7 81
7 101
7 104
7 114
7 116
7 123
7 140
7 141
7 144
7 149
7 152
7 158
7 162
7 163
7 179
7 184
7 191
7 193
7 199
7 225
7 230
7 234
7 276
7 285
7 298
7 299
7 331
7 333
7 340
7 346
7 348
7 350
7 353
7 397
7 405
7 408
7 415
7 431
7 442
7 445
7 449
7 451
7 477
7 480
7 482
7 496
7 499
7 518
7 522
7 528
7 571
7 575
7 586
7 594
7 599
7 600
8 7
8 10
8 29
8 34
8 39
8 42
8 58
8 66
8 88
8 91
8 116
8 125
8 134
8 136
8 142
8 145
8 172
8 176
8 185
8 191
8 194
8 198
8 206
8 228
8 230
8 254
8 263
8 264
8 306
8 315
8 319
8 320
8 336
8 338
8 356
8 357
8 360
8 368
8 371
8 386
8 390
8 396
8 419
8 430
8 434
8 442
8 444
8 457
8 467
8 473
8 480
8 494
8 499
8 503
8 515
8 517
8 525
8 526
8 527
8 540
8 542
8 551
8 563
8 572
8 574
9 20
9 23
9 30
9 31
9 47
9 52
9 70
9 86
9 88
9 89
9 108
9 119
9 131
9 141
9 159
9 165
9 167
9 188
9 192
9 214
9 216
9 218
9 224
9 229
9 235
9 238
9 243
9 248
9 287
9 296
9 300
9 333
9 334
9 353
9 365
9 407
9 413
9 441
9 457
9 458
9 466
9 477
9 485
9 501
9 504
9 523
9 530
9 540
9 542
9 544
9 546
9 550
9 555
9 584
9 592
9 598
10 16
10 31
10 51
10 60
10 75
10 80
10 104
10 126
10 133
10 159
10 164
10 176
10 177
10 183
10 196
10 198
10 209
10 222
10 244
10 245
10 250
10 254
10 263
10 280
10 296
10 305
10 307
10 329
10 356
10 359
10 367
10 400
10 405
10 408
10 412
10 426
10 432
10 460
10 465
10 475
10 491
10 493
10 503
10 506
10 508
10 527
10 538
10 540
10 547
10 549
10 550
10 590
11 12
11 14
11 17
11 43
11 46
11 50
11 53
11 54
11 57
11 68
11 69
11 88
11 91
11 102
11 104
11 112
11 120
11 139
11 141
11 142
11 145
11 153
11 158
11 159
11 161
11 187
11 203
11 206
11 207
11 217
11 222
11 242
11 250
11 252
11 257
11 276
11 309
11 314
11 316
11 336
11 346
11 351
11 389
11 394
11 401
11 406
11 415
11 422
11 423
11 436
11 444
11 467
11 472
11 473
11 478
11 491
11 492
11 497
11 504
11 524
11 529
11 533
11 537
11 543
11 559
11 562
11 564
11 565
11 569
11 571
11 579
11 587
11 593
11 596
12 16
12 23
12 41
12 59
12 85
12 110
12 111
12 115
12 120
12 125
12 130
12 132
12 151
12 171
12 179
12 182
12 185
12 215
12 245
12 248
12 258
12 259
12 268
12 290
12 293
12 320
12 322
12 326
12 333
12 337
12 343
12 350
12 352
12 354
12 363
12 370
12 395
12 417
12 418
12 421
12 427
12 428
12 442
12 445
12 464
12 471
12 489
12 490
12 495
12 502
12 537
12 555
12 559
12 560
12 562
12 574
12 580
12 589
12 591
12 593
12 600
13 19
13 20
13 36
13 47
13 50
13 57
13 58
13 82
13 88
13 90
13 98
13 128
13 158
13 163
13 195
13 199
13 202
13 209
13 213
13 217
13 219
13 226
13 230
13 240
13 244
13 265
13 266
13 270
13 277
13 283
13 284
13 285
13 306
13 311
13 313
13 324
13 330
13 347
13 351
13 374
13 382
13 400
13 406
13 414
13 415
13 428
13 434
13 435
13 445
13 452
13 465
13 480
13 494
13 497
13 524
13 540
13 547
13 548
13 555
13 559
13 573
13 597
13 599
13 600
14 10
14 20
14 30
14 33
14 68
14 74
14 76
14 78
14 86
14 89
14 112
14 123
14 124
14 131
14 136
14 140
14 146
14 150
14 169
14 176
14 177
14 193
14 197
14 221
14 223
14 231
14 236
14 241
14 255
14 273
14 275
14 309
14 315
14 319
14 332
14 339
14 354
14 385
14 392
14 393
14 396
14 401
14 406
14 425
14 435
14 453
14 457
14 469
14 470
14 480
14 483
14 490
14 491
14 508
14 514
14 516
14 526
14 576
14 588
14 593
15 30
15 31
15 39
15 47
15 51
15 65
15 78
15 80
15 88
15 98
15 110
15 114
15 122
15 136
15 144
15 147
15 169
15 181
15 183
15 201
15 204
15 208
15 210
15 231
15 250
15 252
15 256
15 265
15 273
15 284
15 289
15 293
15 295
15 297
15 298
15 299
15 308
15 323
15 329
15 330
15 340
15 343
15 350
15 353
15 357
15 361
15 388
15 401
15 405
15 429
15 433
15 459
15 464
15 468
15 469
15 470
15 476
15 488
15 490
15 493
15 512
15 515
15 539
15 588
15 590
15 592
16 10
16 20
16 21
16 29
16 33
16 43
16 44
16 47
16 70
16 78
16 84
16 101
16 119
16 122
16 143
16 145
16 147
16 160
16 162
16 175
16 176
16 184
16 188
16 201
16 217
16 232
16 247
16 255
16 258
16 266
16 298
16 299
16 306
16 308
16 315
16 318
16 321
16 371
16 388
16 394
16 419
16 420
16 449
16 471
16 472
16 479
16 499
16 503
16 504
16 508
16 512
16 540
16 552
16 553
16 564
16 568
16 570
16 571
16 581
16 584
16 591
16 593
16 599
17 23
17 34
17 53
17 70
17 79
17 82
17 85
17 90
17 91
17 94
17 103
17 104
17 119
17 126
17 133
17 135
17 137
17 155
17 158
17 159
17 167
17 180
17 181
17 186
17 204
17 213
17 219
17 222
17 224
17 228
17 244
17 261
17 269
17 279
17 296
17 300
17 306
17 307
17 314
17 334
17 335
17 343
17 351
17 359
17 369
17 375
17 387
17 403
17 406
17 413
17 448
17 454
17 457
17 485
17 494
17 518
17 541
17 564
17 567
17 576
17 583
18 25
18 38
18 41
18 45
18 52
18 53
18 60
18 68
18 92
18 93
18 102
18 115
18 116
18 118
18 138
18 147
18 149
18 169
18 179
18 182
18 184
18 185
18 195
18 201
18 212
18 218
18 248
18 270
18 273
18 293
18 316
18 321
18 325
18 336
18 338
18 342
18 355
18 377
18 416
18 426
18 445
18 459
18 462
18 479
18 485
18 495
18 501
18 514
18 519
18 525
18 544
18 547
18 550
18 568
18 573
18 574
18 580
19 7
19 8
19 28
19 40
19 54
19 66
19 68
19 69
19 75
19 79
19 107
19 117
19 133
19 139
19 142
19 145
19 158
19 171
19 182
19 216
19 225
19 230
19 255
19 258
19 270
19 271
19 291
19 295
19 298
19 337
19 350
19 363
19 390
19 396
19 398
19 401
19 402
19 403
19 408
19 409
19 417
19 423
19 425
19 431
19 435
19 452
19 453
19 459
19 472
19 484
19 497
19 499
19 508
19 519
19 520
19 530
19 556
19 557
19 583
19 600
20 5
20 16
20 42
20 46
20 65
20 102
20 109
20 111
20 115
20 122
20 128
20 152
20 161
20 162
20 165
20 170
20 176
20 189
20 209
20 228
20 249
20 271
20 279
20 280
20 296
20 298
20 300
20 303
20 305
20 315
20 324
20 329
20 335
20 343
20 376
20 383
20 407
20 408
20 426
20 432
20 436
20 450
20 451
20 463
20 483
20 492
20 511
20 519
20 535
20 548
20 554
20 556
20 563
20 572
20 581
20 588
20 595
21 18
21 33
21 43
Loss 0 0 0 71 0 0 0 0 0 0 0 0 0 71 0 0 95 0 0 61 0 0 0 0 0 76 56 0 66 0 0 0 90 0 0 0 0 0 0 0 0 0 0 0 0 0 0 0 0 0 0 0 0 0 66 0 93 0 0 0 0 70 0 0 70 0 0 0 0 0 79 0 0 0 0 0 0 0 0 0 0 91 74 0 0 0 0 0 0 0 0 0 0 0 0 52 0 0 0 0 66 99 0 0 0 0 0 76 0 0 0 0 0 0 80 0 0 0 0 80 93 0 70 0 84 0 0 0 0 97 0 61 0 0 0 0 0 68 0 0 91 0 0 0 0 0 0 0 73 0 0 64 90 60 0 79 52 0 0 0 0 0 0 65 0 0 0 0 0 0 80 69 88 0 0 0 0 0 0 0 0 0 0 0 0 0 0 0 0 0 0 0 0 0 0 82 0 58 0 83 0 0 89 0 0 0 0 0 0 0 0 65 0 0 66 0 0 66 0 0 0 0 0 0 0 0 0 0 0 0 0 0 0 94 72 79 0 0 0 0 0 98 0 73 0 0 0 0 0 74 0 0 0 0 0 0 0 0 86 80 0 0 0 0 0 0 0 0 0 0 0 0 0 0 0 0 0 97 0 0 91 0 0 93 91 0 63 0 0 0 0 0 0 74 0 78 0 0 0 71 0 0 0 0 0 0 0 0 0 68 0 60 0 71 69 0 0 0 0 0 0 0 0 0 0 0 0 86 0 0 0 85 0 65 0 0 81 0 0 0 0 0 0 55 0 0 0 0 0 0 0 0 0 0 72 0 0 0 0 0 96 0 0 0 0 55 0 0 0 0 0 0 0 0 0 99 0 0 91 0 0 0 77 0 0 0 67 85 86 0 52 0 0 0 0 0 81 0 0 0 0 0 0 56 0 0 61 0 0 99 55 0 0 0 0 83 68 0 0 82 95 0 0 0 0 61 0 73 0 0 0 0 0 0 0 0 0 0 0 0 0 0 0 0 0 78 0 0 0 0 0 100 0 0 0 0 97 0 0 0 0 0 0 0 0 0 0 0 0 0 70 0 0 0 0 0 0 0 0 0 71 0 0 0 0 58 93 94 0 55 0 0 0 0 0 0 0 0 0 51 0 0 0 0 72 55 0 99 0 90 73 0 0 67 0 0 0 52 0 0 52 0 0 0 0 0 0 93 63 0 0 0 79 0 83 0 0 0 0 0 0 51 51 0 0 0 0 0 0 0 0 0 0 0 0 0 0 0 0 0 0 0 0 0 0 0 0 0 94 0 0 0 0 0 80 0 0 0 89 0 0 0 0 0 85 83 97 0 0 0 0 0 0 86 0 77 0 0 0 0
