250 <--# of nodes, 500 edges
1 2
1 13
1 53
1 54
1 56
1 76
1 79
1 93
1 98
1 99
1 107
1 118
1 144
1 148
1 179
1 182
1 191
1 195
1 219
1 225
1 228
1 238
2 16
2 21
2 52
2 59
2 64
2 76
2 85
2 95
2 100
2 105
2 107
2 123
2 125
2 132
2 144
2 145
2 149
2 153
2 154
2 190
2 198
2 211
2 217
2 225
3 6
3 11
3 13
3 34
3 36
3 43
3 54
3 67
3 68
3 72
3 80
3 88
3 108
3 109
3 111
3 122
3 125
3 136
3 143
3 151
3 159
3 178
3 186
3 200
3 203
3 208
3 217
3 224
3 226
3 229
3 232
3 238
3 242
3 243
3 248
3 249
3 250
4 16
4 17
4 34
4 38
4 40
4 42
4 62
4 68
4 100
4 111
4 122
4 134
4 142
4 156
4 157
4 164
4 166
4 175
4 195
4 210
4 211
4 213
4 233
4 245
4 246
5 11
5 19
5 20
5 26
5 31
5 33
5 40
5 42
5 46
5 51
5 57
5 68
5 69
5 72
5 74
5 83
5 89
5 91
5 103
5 116
5 125
5 136
5 137
5 138
5 143
5 158
5 163
5 170
5 188
5 189
5 199
5 200
5 208
5 211
5 214
5 219
5 234
5 250
6 2
6 19
6 26
6 47
6 56
6 58
6 59
6 60
6 76
6 97
6 100
6 103
6 115
6 130
6 145
6 164
6 167
6 170
6 181
6 183
6 197
6 199
6 206
6 211
6 218
6 225
6 230
6 246
6 247
7 21
7 24
7 36
7 41
7 55
7 63
7 70
7 77
7 91
7 101
7 113
7 129
7 132
7 141
7 145
7 155
7 170
7 174
7 181
7 187
7 193
7 196
7 197
7 199
7 218
7 221
7 227
7 229
7 238
7 244
8 2
8 7
8 17
8 19
8 26
8 48
8 77
8 81
8 83
8 85
8 110
8 114
8 124
8 130
8 135
8 154
8 181
8 190
8 229
8 231
8 243
8 250
9 8
9 12
9 27
9 49
9 54
9 66
9 84
9 85
9 113
9 114
9 117
9 131
9 136
9 140
9 149
9 150
9 160
9 167
9 179
9 201
9 206
9 207
9 228
9 232
9 237
10 22
10 24
10 30
10 35
10 38
10 44
10 48
10 51
10 75
10 79
10 89
10 110
10 113
10 115
10 116
10 125
10 129
10 135
10 148
10 149
10 151
10 164
10 172
10 175
10 176
10 186
10 200
10 206
10 212
10 214
10 222
10 229
10 240
10 243
11 2
11 9
11 16
11 18
11 41
11 43
11 48
11 54
11 63
11 64
11 69
11 96
11 98
11 100
11 103
11 131
11 137
11 139
11 150
11 153
11 156
11 176
11 196
11 201
11 205
11 226
11 241
12 8
12 10
12 17
12 20
12 28
12 44
12 49
12 57
12 85
12 89
12 100
12 119
12 139
12 146
12 182
12 185
12 188
12 192
12 193
12 201
12 219
12 245
12 248
13 1
13 3
13 5
13 11
13 29
13 62
13 65
13 70
13 72
13 73
13 95
13 106
13 113
13 114
13 120
13 123
13 125
13 139
13 144
13 149
13 152
13 155
13 164
13 171
13 208
13 212
13 222
14 5
14 24
14 31
14 32
14 35
14 45
14 56
14 101
14 104
14 112
14 115
14 120
14 144
14 150
14 163
14 174
14 201
14 207
14 215
14 219
14 222
14 236
14 238
14 243
14 249
15 12
15 17
15 20
15 21
15 25
15 32
15 36
15 50
15 71
15 84
15 96
15 107
15 119
15 120
15 162
15 164
15 178
15 184
15 187
15 191
15 205
15 207
15 220
15 232
15 245
15 246
16 2
16 3
16 5
16 83
16 88
16 96
16 121
16 123
16 126
16 132
16 138
16 139
16 140
16 141
16 150
16 156
16 157
16 182
16 185
16 203
16 211
16 212
16 227
16 234
16 244
17 2
17 6
17 21
17 27
17 35
17 39
17 48
17 60
17 67
17 77
17 96
17 119
17 135
17 147
17 150
17 153
17 161
17 162
17 169
17 175
17 185
17 198
17 220
17 235
17 242
18 6
18 13
18 22
18 27
18 56
18 63
18 68
18 79
18 85
18 94
18 97
18 117
18 121
18 132
18 150
18 154
18 165
18 167
18 177
18 180
18 183
18 190
18 191
18 208
18 212
18 218
18 219
18 226
18 230
18 242
18 246
18 249
19 12
19 16
19 22
19 44
Loss 0 0 93 99 0 0 0 88 0 60 0 0 0 0 81 95 0 0 0 0 0 0 0 0 0 0 0 88 0 0 0 0 0 0 0 0 0 0 91 0 0 0 0 0 0 82 0 0 0 70 0 0 0 0 0 86 0 0 0 72 0 0 0 0 0 0 0 0 0 0 0 0 0 0 98 98 95 0 0 0 0 0 0 61 0 0 0 93 0 69 0 0 0 0 0 0 0 0 80 0 0 0 50 0 0 0 0 0 0 0 0 80 0 60 0 0 0 0 0 0 66 0 67 0 60 0 0 0 0 56 0 0 0 94 0 0 78 0 0 0 0 0 0 0 0 57 0 0 0 0 0 0 0 63 0 0 0 73 98 0 0 61 0 0 0 0 0 0 0 67 0 0 85 99 0 58 0 0 0 81 0 70 0 0 0 0 96 0 0 0 0 96 66 0 92 0 69 0 69 0 0 79 0 0 0 0 0 0 0 0 0 0 67 0 0 81 79 0 0 0 0 0 0 0 59 0 0 0 0 0 0 0 0 0 62 0 93 0 0 0 0 0 0 0 0 0 0 0 59 0
