22 <--# of nodes, 32 edges
1 2 3.7592879253638083
1 3 2.7253456616587046
1 4 1.003515618640784
1 7 4.8513690279220825
1 5 5.765858264613892
1 6 1.0394339341976035
1 8 3.5625750240139085
1 15 5.980626464575769
1 9 2.1397566956877143
1 16 3.409672159318516
2 4 1.3014662296990345
2 5 4.14027763270178
3 6 1.2992307342936202
3 7 2.8172892780181256
4 8 1.9175534662891556
7 15 4.018476362868724
5 8 4.354741592547635
6 15 2.2736593743790965
8 9 3.780416192201069
15 16 2.3544450502602112
9 10 2.831676195243797
10 11 3.280332783056602
11 12 4.658577349553301
12 13 3.5532034498646223
13 14 2.1179007022464615
14 22 1.613817226332523
16 17 3.0620683342739916
17 18 2.189016890093445
18 19 3.7411044357262733
19 20 2.781133122844112
20 21 4.253913469268085
21 22 3.7697927796055817
Loss 0 0 0 20 0 0 62 0 0 0 0 33 0 89 0 0 0 0 0 56 0 60