20 <--# of nodes, 32 edges
1 2 5.155450593908201
1 3 4.818931897217527
2 3 1.541694362594785
2 4 1.2079978553814266
2 5 2.3160905622001295
4 7 3.9704879279027008
4 8 4.805657391576969
4 9 4.17678179373938
5 6 4.779753069169203
6 7 3.8453839853907654
6 8 3.599854086716592
6 9 2.122222329655237
8 10 2.247194334912096
8 11 4.19807832171564
9 10 2.2544921121044172
9 11 4.274908538124454
10 12 2.839495792840233
11 16 4.434516803266286
11 17 4.170730149254773
11 18 1.4036772137411475
12 13 5.511201713920189
12 14 1.9019106921635363
12 15 2.8686943402715572
14 16 5.199119086101081
14 18 1.8999806294054313
15 16 5.501120589366129
15 17 3.593561246488365
16 20 1.5415873518033827
17 19 4.42794483300015
17 20 3.1496091305764553
18 20 1.8496535348592182
19 20 5.280101258588608
Loss 0 0 45 0 0 0 65 0 0 0 0 0 44 0 0 0 0 0 0 75