13 <--# of nodes, 20 edges
1 3 4.741093931565267
1 5 5.2153322130214
1 6 4.921461895875612
1 7 5.518834987085384
1 8 2.1402850840613747
1 9 3.8751117808652147
1 10 4.959402166600081
1 12 4.437329431251394
2 3 1.5152134009865343
2 11 2.948964227405904
3 4 5.7434741081362315
4 13 3.0870487016915353
5 11 3.400688551536903
6 11 4.983555788995272
7 11 5.912104005321886
8 13 4.623406988432828
9 13 2.4136341296920008
10 13 4.596195045856572
11 12 3.113789839321006
12 13 4.514025356863104
Loss 0 63 39 0 0 0 33 0 0 22 0 90 45