22 <--# of nodes, 35 edges
1 2 2.3571363334644566
1 3 1.2583031945863774
2 3 5.046273389763483
2 4 5.380812915700548
2 5 5.453076444527335
4 6 2.311346570709988
4 7 1.452668635545927
4 8 5.304528945769066
5 6 4.6412394446133645
5 8 2.224782282507437
5 9 5.156622416817706
7 9 2.806206690043639
8 10 3.1881064653677305
9 11 2.1423665625014143
10 11 5.515753288133475
10 12 4.802415633944571
10 13 5.012561107060499
11 15 4.865623910520437
12 14 2.7111043630737868
12 16 3.1761341885324796
12 18 2.0050491515520266
13 14 5.581695801136652
13 16 5.656379997794472
14 18 1.661084568489102
14 19 4.370242444835027
14 20 4.276570103257937
15 17 3.390453655286347
15 19 5.0128128093856805
15 20 2.932244168905546
16 21 4.712303226938076
17 18 4.563162916640015
17 21 1.1211692756536131
19 21 1.627591548948313
20 21 1.9961651648244052
20 22 4.914391552419964
Loss 0 0 38 0 0 47 0 0 0 0 0 0 0 0 0 0 0 72 0 0 0 81